1821 4
10402 1
1062 4
9056 1
5392 3
2682 3
3351 4
399 2
10447 1
10096 1
9850 1
4392 3
8056 1
11890 1
6435 3
3253 3
1125 3
5518 1
8487 1
8013 1
9248 3
10424 2
2780 4
6470 3
11447 1
437 4
12383 2
9699 3
9833 2
7106 1
845 1
10972 3
7945 1
11076 4
9565 3
12202 3
5235 1
2703 2
7926 2
10835 4
12300 4
6106 1
3760 1
1416 1
4270 1
10076 4
1082 1
863 2
12488 1
6592 1
6900 1
11760 2
5093 3
2911 3
5442 3
12475 1
3481 4
9312 1
12430 1
1879 1
8786 1
11703 1
736 4
1059 2
11397 1
10008 2
6264 2
3402 2
307 1
3890 2
7207 1
342 1
10275 3
5977 1
7242 1
12103 3
10828 1
6207 1
4134 1
1752 1
3424 1
12358 1
6242 1
6693 1
1942 2
8156 4
572 1
5418 4
2108 4
9229 2
10638 2
2680 1
8950 4
8113 4
5390 1
1907 2
6454 2
5741 1
11547 4
9485 3
2251 1
7437 1
4704 1
1162 1
10502 4
11445 3
7629 3
8852 3
8485 3
1964 1
6437 1
3251 1
5988 3
9113 4
7590 3
490 3
9522 1
7379 2
10176 1
7141 3
2727 3
6006 4
9567 1
10133 1
4335 4
3539 1
12245 1
847 3
11581 2
6902 3
4237 3
11176 1
5370 4
7006 4
6590 3
1669 2
9779 3
10956 2
5335 4
1414 3
9504 2
3762 3
2539 1
8567 1
9128 2
7773 1
2209 4
2956 1
5405 1
10744 3
673 1
4466 2
5897 1
6384 2
9784 3
11646 4
5091 1
2581 1
3970 2
1245 2
4423 2
9257 4
2935 2
3956 1
4091 1
284 2
3150 1
10646 4
3913 1
1226 1
4440 1
11701 3
8784 3
3561 4
5136 3
1617 4
4071 4
10277 1
340 3
5930 3
3638 1
10232 1
5173 3
9666 1
11251 2
6793 4
3426 3
958 1
9640 2
11928 4
5832 4
7858 1
11277 1
2638 1
2524 4
5877 4
1715 3
5034 4
11232 1
985 4
6181 3
9581 2
1278 2
8133 1
9368 3
5761 4
517 4
31 1
1005 3
9956 2
7452 4
1846 3
8913 2
4761 4
8150 2
7181 3
4438 1
415 3
11779 3
5663 3
2373 3
3234 4
9935 1
887 3
1593 4
9176 1
943 2
6820 1
1573 1
3605 1
3291 1
145 2
4781 1
6865 1
7494 2
11011 3
7820 1
1728 3
920 1
10817 3
2605 1
10011 3
126 1
11915 4
4333 2
6045 2
7716 4
2170 4
1341 3
3874 3
5460 4
11666 1
8232 1
7898 1
69 4
1179 2
2229 1
5425 4
10478 3
1304 3
8928 4
9232 1
6898 1
3933 4
1206 4
9277 1
12298 4
12184 1
6753 4
12278 1
1672 1
3996 1
3541 1
10908 1
12121 4
8395 3
4480 1
9603 4
3190 1
11128 2
5857 1
5014 1
3522 2
6344 2
4871 2
7327 1
2541 1
7878 4
5051 1
227 1
11520 3
2969 3
1007 1
9033 4
9870 4
33 3
1042 1
2786 2
1493 1
8972 3
76 3
9937 3
12287 3
1064 2
8870 4
7517 1
417 1
9131 3
7183 1
7552 1
10565 3
5538 4
9424 2
11013 1
5109 1
8096 1
12306 2
8890 1
5250 4
7965 4
12343 2
5929 2
9447 1
12365 1
967 3
3419 1
9096 1
10013 1
4109 1
1473 4
4215 4
4681 4
9402 1
788 2
12320 1
2850 2
6998 4
10766 4
6616 1
2815 2
1792 1
11664 3
10723 4
508 3
1343 1
4525 1
12455 4
4991 2
10621 3
716 1
2833 1
7616 1
1365 2
3850 2
3013 2
2876 1
753 1
10664 3
4197 2
2035 1
7653 1
4546 2
7282 1
382 1
12007 2
1635 3
5114 4
7262 4
4810 3
9725 2
12042 2
7978 1
4855 3
11808 4
11149 3
5810 3
12064 1
3718 1
9746 1
1737 4
10357 1
12021 1
4912 4
3441 4
2506 3
8760 2
4873 1
9662 4
8725 3
5053 2
225 2
6797 1
12105 4
6303 1
4075 1
7589 3
5873 1
7346 1
4482 2
10371 3
8627 4
5369 4
10334 3
203 1
7732 4
2248 1
4503 3
11642 1
2917 4
11607 1
6408 2
2013 3
6732 4
3917 4
6777 4
1938 1
6496 1
124 2
7867 2
11248 2
7024 2
8424 3
6804 1
3621 1
12241 4
5317 2
161 2
359 3
6841 1
6002 1
5331 1
10070 3
10833 3
4929 3
11974 4
102 1
1749 3
5068 4
7002 1
2664 1
6259 3
6822 2
6688 3
6061 2
1398 3
8526 4
10520 2
2598 1
5088 1
5394 4
11543 1
4602 3
3312 3
7433 4
2255 4
15 1
7476 4
5602 3
4459 1
9954 1
4088 1
9117 1
10506 1
5647 3
2357 3
6476 4
10994 1
9152 1
8309 3
7697 4
9539 3
8762 1
7246 4
11869 4
819 1
10310 2
9395 2
12066 2
5269 1
2779 1
7301 3
8701 2
2567 3
11355 2
1387 4
3465 4
12005 1
8744 2
5527 2
9849 1
10393 4
8251 3
3817 1
4544 1
1322 1
8680 3
7469 3
12434 4
3054 1
6632 1
10889 1
714 2
5562 2
1367 1
9782 4
6677 1
732 1
2817 1
5658 4
6469 3
2485 1
4527 2
9251 3
11393 4
5501 1
8782 4
10640 3
2011 1
11889 1
9214 3
804 4
3666 3
11874 1
5231 4
1510 3
8463 1
2478 1
3623 3
3889 2
10229 3
5168 1
12367 2
4948 2
1184 3
7238 2
8892 2
9463 1
8400 2
11485 2
5376 3
10037 1
100 3
8094 2
1880 4
4274 4
10072 1
12429 1
4188 4
3784 1
17 3
7987 2
6576 1
2908 3
10894 4
11092 4
9913 3
2784 1
1491 2
6768 3
2310 1
476 1
2094 1
8707 4
5584 1
5155 1
323 1
1381 2
2445 1
9605 3
10251 3
366 1
7266 1
5953 1
11214 3
7691 2
178 3
4155 1
9889 1
6223 1
3445 1
4584 1
4110 1
1776 1
6939 4
10849 1
4953 1
3400 1
11680 3
7528 2
3872 4
1818 1
3837 4
4564 4
7755 3
8355 2
3368 1
10395 2
1038 2
8373 1
386 4
11762 1
5678 1
8336 1
8894 4
1080 2
3727 2
5685 1
5599 4
1451 2
10913 3
4809 3
2701 1
11017 4
7924 1
10150 3
8443 4
4272 2
10483 4
11956 3
10052 4
9443 4
7947 2
10854 4
12361 4
92 3
11150 3
10017 4
6924 1
3330 4
10426 1
5767 3
9072 1
729 2
9831 1
12381 1
6513 4
7454 3
10463 1
4579 1
9874 1
7085 3
8072 1
7187 4
1339 2
2330 4
1101 3
11426 1
8037 1
7981 4
6085 3
2069 1
5665 4
11463 1
9817 2
4988 2
4816 4
3545 4
12125 1
2402 3
10253 1
1633 4
2890 3
10682 1
3288 1
9293 1
1676 4
2096 3
5484 4
11682 1
8607 1
12146 2
2659 1
11253 1
5055 4
1774 3
9419 3
2992 4
8642 1
1509 2
6221 3
1731 3
4157 3
12416 3
7757 1
2972 1
657 1
3152 2
286 1
7386 1
2174 1
4895 2
6771 2
3117 2
8969 1
1261 2
1696 1
634 2
6386 1
2583 2
7771 2
9969 1
4464 1
3189 1
4499 1
9506 1
10152 1
11309 3
5213 3
10911 1
826 3
3644 4
11174 2
6824 4
10117 1
10954 1
10309 3
7861 4
11152 1
2558 1
3703 3
8506 1
5499 1
5785 4
8192 1
924 4
11954 1
4687 3
8931 4
7087 1
10659 2
556 1
3828 3
2230 1
8974 4
8137 4
3216 2
1789 3
5765 1
513 1
2275 1
4720 1
2828 3
1905 1
6456 1
11659 2
5743 2
9931 4
2253 2
3275 1
5706 2
8070 3
6881 1
6648 1
1044 4
10738 4
9070 1
6299 1
6185 4
5720 3
8815 2
10461 1
1001 4
9876 1
7299 1
7648 1
1940 3
6413 3
454 4
748 1
11424 1
8329 4
8035 1
1597 3
6087 3
4518 2
11461 1
9815 2
10890 2
9192 3
5256 1
5687 1
1453 2
3558 3
12224 3
7165 1
10583 3
800 2
7143 2
8543 3
2725 2
9896 4
10813 4
3746 1
6120 1
1430 1
11117 3
11583 3
2760 2
9441 4
5270 2
4213 1
1769 4
6284 4
12082 1
6198 1
11746 2
1488 1
1794 4
2937 3
1345 4
10725 1
12453 1
6549 1
10760 1
3937 3
10397 2
7549 1
7198 1
8371 1
384 4
710 4
9357 2
9786 2
8334 1
8419 1
5157 1
321 1
10216 3
5914 1
7221 1
2447 1
3461 2
364 1
11008 1
5112 1
7264 1
3659 3
3447 1
793 2
4914 1
3096 1
4586 1
10780 4
10314 4
4112 1
4951 1
12062 4
2288 3
5932 2
8933 4
7399 4
9037 3
554 1
5722 1
2232 1
4390 2
3069 3
72 4
7883 1
8229 1
6472 2
11561 4
511 1
4722 1
10524 4
6748 4
3232 1
1595 1
3277 1
6411 1
5704 2
7472 2
9618 4
10581 1
4356 4
7167 3
12226 1
824 3
11935 2
9541 1
5254 3
9190 1
10115 1
4313 4
7122 3
8522 2
2744 3
7863 4
8996 1
963 4
2297 4
5787 4
8504 1
11115 1
7826 4
5313 4
165 4
279 1
1432 3
8541 1
12414 3
11625 4
11539 1
655 1
3581 2
7098 4
2176 1
4897 2
610 1
5466 1
3115 2
8128 1
4405 2
12080 3
7736 2
1694 1
5440 2
3133 1
2368 3
9234 4
6710 1
1200 1
3935 1
12127 1
2400 3
5110 3
2892 3
10680 1
4486 4
5328 2
7223 3
6078 1
4012 4
1568 1
12144 2
2196 4
221 4
6858 2
5012 4
8291 1
52 1
8956 1
8209 4
8115 1
11190 1
11541 1
7431 4
11996 1
10567 2
574 4
1023 3
4645 3
11504 1
8581 1
7768 1
9133 2
1121 4
11522 2
10190 1
9115 1
10504 1
1164 4
2355 3
7533 3
11567 2
10996 1
9150 1
6494 1
5350 2
2640 2
1555 1
6806 1
6359 4
11831 3
5781 2
1982 1
9638 1
4376 1
11037 3
6000 1
7806 1
11229 1
12304 3
906 1
7359 4
7045 1
2623 1
4350 2
688 4
2666 1
10874 3
12179 2
8524 4
8638 1
11291 1
7775 4
11605 1
569 1
4195 3
3485 3
11623 2
1220 4
2852 3
7632 3
5544 3
4403 4
10605 1
9680 1
998 2
10128 1
1654 1
2190 2
1285 1
9660 4
89 2
3567 1
12107 4
1611 1
4077 1
9727 3
4812 2
7795 1
7058 4
10373 3
8625 4
4857 2
9762 3
4014 2
5077 1
1862 1
3357 1
1021 1
4647 1
2334 2
9015 4
4296 1
9309 1
3786 1
9856 4
1827 1
885 2
10404 4
5661 2
8015 4
5296 1
9911 3
11441 4
11896 4
3598 3
2312 1
3149 3
6985 2
768 4
10543 3
11718 1
8481 4
11404 4
10487 2
2723 4
11876 1
5233 4
8461 1
10815 2
10056 2
7688 1
11833 1
1557 3
11070 1
7943 4
9461 1
9 1
6145 4
10876 1
5374 3
10035 1
9738 4
904 3
1410 4
4276 4
3487 1
9008 1
9314 4
10740 4
3815 1
1320 1
8682 3
6630 1
3056 1
5560 2
11293 3
5389 3
10705 4
10419 1
6675 1
730 1
12398 2
9682 3
2056 1
7630 1
2487 1
3035 2
8008 1
8780 4
11419 1
5503 1
7675 1
3699 3
5991 1
8351 4
3070 2
9216 3
795 4
11028 4
11334 1
7158 1
9703 2
1287 3
11371 1
2467 4
1448 1
5075 3
2565 3
7303 3
12493 1
5030 3
4177 4
246 3
4934 4
8746 2
7797 3
11312 2
2718 2
3506 1
6360 1
878 3
1670 1
9189 1
11357 3
9558 1
8703 3
5836 2
6325 1
3543 1
697 2
8397 3
10149 1
2520 2
9601 4
10598 1
3192 1
10786 3
3565 2
8558 1
1613 2
7360 1
5855 1
6978 3
5016 1
8295 4
5482 1
6346 2
3520 2
2543 1
7325 1
139 4
9397 3
4208 3
6653 3
2931 4
10607 2
9828 3
4389 2
7751 4
651 4
3833 3
1306 3
8169 4
8275 1
10642 2
9230 1
6714 4
1118 1
3931 4
1204 4
4462 4
9275 1
12186 1
5758 2
2699 2
3974 4
11487 3
941 2
9545 4
4317 1
1571 1
3607 1
4848 4
12267 4
11815 3
3293 1
7047 2
8447 3
1534 1
10248 1
6867 1
2419 3
11850 3
6024 1
3642 1
10917 4
8194 4
7822 1
8288 1
922 1
9890 3
7061 1
2607 1
1512 2
8659 1
238 4
2642 1
11917 4
8992 4
10850 3
1186 2
2293 1
4331 2
6047 2
11699 1
987 4
8131 1
11679 4
609 1
6552 3
7709 1
2273 4
8937 1
4661 3
550 4
10192 2
1844 3
6517 3
5624 3
11994 2
452 3
1219 1
6709 1
8152 2
9972 1
11506 2
3969 1
2371 3
8117 2
3236 4
5459 2
6081 4
2894 4
360 4
11310 1
8089 4
6919 2
11784 1
5153 4
12491 2
7139 1
8727 2
11908 3
3406 4
11373 2
9744 1
1429 1
10355 1
6139 1
7362 3
2504 3
9701 1
10784 1
777 2
8277 3
4562 1
5993 2
6508 4
9375 4
9069 1
12457 4
3037 1
6651 1
10623 3
4739 3
4993 2
2072 1
7614 1
3229 3
3852 2
3011 2
2874 1
751 1
7651 1
2037 1
7280 1
8069 1
6026 3
9426 2
3640 3
11852 1
5217 4
1536 3
2889 1
10831 2
2742 4
11348 4
7967 4
9445 1
11072 2
10852 1
7865 3
1471 4
9388 4
9094 1
10485 1
9400 1
7063 3
6238 1
9892 1
4252 4
10054 1
6515 1
3373 1
2128 3
5438 3
4663 1
7576 2
8176 3
6987 1
8935 3
3336 1
1040 1
8970 3
74 3
5645 2
9837 4
12387 4
1825 2
1066 2
3128 3
7515 1
7609 4
6533 2
8368 1
8074 4
9970 3
7550 1
4294 2
450 1
5626 1
6266 2
11069 1
4328 3
305 1
3892 2
7205 1
1999 3
791 1
8478 1
3094 2
11330 4
5975 1
2426 1
7240 1
10069 1
1409 4
12003 4
4930 1
3463 1
6205 1
4136 1
4975 1
6691 1
12497 4
9478 1
5916 2
8623 3
1361 4
3017 4
12477 1
9310 1
12432 1
5507 4
771 4
6736 3
10762 2
4678 2
428 1
1263 3
11744 1
5542 4
6773 3
9908 3
12451 2
8310 1
7104 1
2762 1
10970 3
4029 3
11368 1
5272 1
3701 2
10935 3
5968 4
11031 4
5237 1
6122 2
4254 2
6961 2
9420 4
1886 1
6104 1
12302 4
6947 1
10368 1
11133 3
5029 3
861 2
6141 1
1060 4
537 3
10400 1
8874 2
9054 1
5579 2
10892 1
6629 1
3353 4
10759 4
4643 4
10445 1
10094 1
10388 4
3782 4
9852 1
8054 1
8817 1
4741 3
8799 4
8011 1
11094 1
5292 4
2782 4
1921 3
3214 3
3563 4
6019 1
2424 3
939 2
11828 3
10230 1
1650 4
9578 4
9664 1
8621 1
1383 3
6839 2
4977 3
11275 1
205 4
8664 1
4349 2
1717 3
11230 1
5036 4
2117 1
8598 1
2954 1
5407 1
671 1
8149 1
6712 2
1202 2
7734 1
2152 1
3309 3
10703 3
11558 1
11644 4
3131 2
8210 4
11189 1
7712 2
9149 1
612 2
5464 2
3954 1
8357 3
2131 2
3583 1
2309 3
1224 1
5619 3
28 2
7592 3
1608 1
6318 1
10937 1
3662 4
5048 2
8994 2
11911 2
1180 4
2189 2
1551 4
10131 1
12247 1
11937 1
7004 4
12059 3
6143 3
8520 1
6945 3
902 4
11972 1
5868 1
4048 2
1884 3
7490 4
8565 1
8679 4
9994 2
11992 4
5888 4
4765 2
9013 3
8248 1
570 1
8585 4
8699 1
2216 1
7470 1
11288 1
11545 4
535 1
3008 3
7729 4
10500 4
981 2
1160 1
4706 1
7881 2
11096 3
7413 2
4743 1
1966 1
187 2
6729 4
3682 1
7456 2
10288 1
7279 1
11856 1
11015 1
8441 1
3601 3
11813 1
8896 1
2746 4
7120 4
7963 4
11050 1
4311 3
11481 1
8718 4
2397 4
8422 2
12363 1
6279 1
6165 4
6926 4
1475 4
9090 1
5354 3
2439 2
9404 1
9718 4
3397 4
12326 1
4909 1
2601 3
4256 4
6963 4
1842 1
6511 1
4667 1
11526 3
9329 1
9035 4
35 3
6554 1
11563 3
5479 3
1358 4
1495 1
5641 2
8876 4
883 1
2377 1
7511 1
10526 3
9974 3
8833 4
4290 2
2332 1
3780 2
8740 1
11314 1
8391 1
4055 3
5951 4
7178 1
3738 2
5586 4
8705 1
11351 1
6366 3
1468 1
5816 3
8723 2
2194 3
9740 1
10351 1
266 3
7366 3
11949 3
5853 3
9705 1
773 2
2015 2
9334 4
1300 1
4566 1
6610 1
3076 1
5540 2
9371 4
7636 2
2050 2
10439 1
5191 2
2835 1
4997 2
1918 3
2076 1
12180 3
4505 2
8028 1
6673 2
449 4
755 1
2870 1
5523 1
11725 4
7655 1
2033 1
7284 1
4540 2
7845 2
106 2
945 2
8406 3
1575 1
3603 1
12263 4
6379 4
3297 1
143 2
2625 2
8092 3
3646 1
9996 4
8190 4
2603 1
12324 3
926 1
5356 1
120 1
9092 3
7020 1
11913 4
5809 4
8618 1
3625 2
8976 1
983 4
9915 2
2277 4
7411 4
6556 3
185 4
299 1
11638 4
648 1
9950 2
1003 3
3375 3
4767 4
10561 1
5620 3
9976 1
6883 4
1144 4
413 3
7513 3
9933 1
6399 1
9170 1
1689 1
12162 4
6364 1
10108 1
10214 4
9291 4
7307 2
2388 3
693 2
3547 1
1631 1
4057 1
7342 2
8742 3
3196 1
8640 4
9707 3
4832 2
7078 4
5851 1
2502 1
11108 1
10353 3
4249 3
4877 2
8605 4
8519 1
4034 2
2547 1
12060 3
10316 3
5057 1
7710 4
11660 1
8234 1
6286 3
2133 4
7449 1
549 1
5423 4
2970 4
1979 2
8271 1
7384 4
9869 3
5719 2
3176 4
8257 2
757 3
10660 1
1588 1
9271 1
12182 1
6098 1
7612 3
8212 2
6755 4
1159 1
10539 4
7596 3
2519 2
11950 2
7904 3
6843 4
10933 1
2721 3
11156 2
1649 1
5274 3
11587 2
10976 1
7843 4
9547 2
11933 1
7000 4
1086 3
5333 4
11976 1
12018 3
6102 3
594 4
9017 3
11618 1
5702 1
10443 3
668 4
7474 1
2686 1
9811 3
4724 2
10406 3
2257 1
10618 1
4702 1
8854 3
7417 2
8017 3
10541 4
3908 4
4747 1
3257 1
6431 1
5724 2
11894 3
9209 1
4834 4
6301 4
10271 1
5130 3
5308 2
12142 1
6058 1
8603 2
5936 3
1548 1
10234 1
4032 4
6489 1
6795 4
8539 4
5834 4
201 4
8660 1
589 1
695 4
7489 1
10686 2
5871 4
2522 4
7344 4
5032 4
244 4
4175 3
11519 1
5403 1
2950 1
9316 3
4289 3
3799 3
7730 1
2156 1
2915 1
11640 4
6382 2
8214 4
5097 1
3135 2
9353 3
4425 2
5289 3
4891 1
2348 3
3113 1
3950 1
10519 1
8353 3
10291 4
9108 1
7382 2
843 1
12079 2
6163 2
9563 3
6920 2
7145 1
7259 4
806 1
4068 3
11035 4
11329 1
3740 2
1882 1
5215 2
6943 1
6594 1
3723 1
6906 1
1455 1
10329 1
4233 1
2391 2
6574 4
5745 3
10718 4
1378 1
9050 1
10896 1
9813 1
11467 2
6531 4
3808 1
576 3
10441 1
10090 1
8050 1
8813 1
6433 3
7668 1
7574 4
474 4
11090 1
4538 2
7531 4
3210 3
431 4
1772 2
3404 2
301 1
6819 3
5177 1
7201 1
6227 2
489 4
4369 3
3679 3
7244 1
3467 1
6201 1
2090 2
4132 1
6158 4
4971 1
6244 1
3422 1
2679 3
5580 2
6695 1
6589 4
7227 2
5912 2
9760 4
1099 4
9351 1
5095 3
8332 2
12473 1
775 4
11740 1
5546 4
5197 4
8314 1
2137 1
1859 3
3585 2
9949 2
11621 4
2974 1
9332 3
3154 2
4444 2
3329 3
7714 1
7408 4
11578 1
10989 2
4639 3
8230 4
12084 3
1690 1
9169 1
6751 1
3137 1
1241 1
4427 1
2585 2
2111 2
5401 2
2952 2
2329 3
10578 1
2404 3
5957 3
12123 1
4053 4
10255 1
1529 1
362 3
12166 1
2441 3
5151 3
4016 4
9295 1
327 3
3994 4
12140 2
8601 1
11598 4
2192 4
7039 1
11255 1
8644 1
2994 4
10273 2
9627 2
8189 4
11210 1
260 4
8174 4
8268 1
3255 2
5726 1
2236 1
1166 2
9835 3
7887 1
515 1
5763 1
11565 4
4726 1
6450 1
1903 1
533 2
9174 4
2028 3
10699 4
4783 4
10154 1
1628 1
4352 4
12222 1
6338 1
7163 3
8563 2
9659 4
3989 1
11931 2
5681 3
10111 1
9194 1
9288 4
5352 4
3705 3
96 1
5783 4
11585 1
8500 1
10974 2
4250 3
1436 3
11111 1
11952 1
9526 2
3391 3
11742 2
6280 4
1790 4
2933 3
8316 2
3831 4
3072 4
6614 4
11721 1
3170 3
6716 3
380 4
3348 2
8375 1
2831 4
11478 4
9928 3
8330 1
1838 2
11498 1
6697 2
11049 1
7225 1
2443 1
8458 1
5116 1
7260 1
10049 1
4153 1
4910 1
3443 1
6225 1
12023 4
1770 1
6260 1
303 2
5175 2
2465 2
7203 2
9458 1
1803 4
6550 4
4626 4
9074 1
11443 2
6609 1
1319 1
10779 4
183 3
3049 2
8837 1
2336 4
11420 1
2869 1
8031 1
6083 3
1142 3
11465 1
867 1
3519 3
11817 4
5252 1
11054 4
338 4
4009 3
6904 2
5948 4
2707 1
822 1
8388 1
7922 1
9502 3
8445 4
8759 1
1412 2
8547 3
10799 1
4683 1
3393 1
12322 4
3742 1
6124 1
11113 3
5009 3
10348 1
7102 2
7941 2
8990 3
6161 1
10089 1
7286 2
8686 3
1324 1
4542 1
3811 1
3052 1
6528 4
5564 2
9355 4
11297 3
10701 4
3854 1
9498 1
8869 2
6671 1
1796 2
2052 1
2483 1
11089 1
11395 4
3031 2
7671 1
2017 1
5995 1
1302 2
10297 3
8049 1
8764 1
6307 3
8721 1
1652 3
2463 4
6342 3
9742 2
1750 4
10330 1
12046 1
6240 4
2561 3
9764 1
4173 4
10375 1
6119 1
7939 2
8393 2
8587 3
9011 4
11 3
1823 1
9799 1
3849 4
2375 2
9348 1
11388 1
1046 2
2353 1
7535 1
3108 3
1497 2
6187 2
9587 3
5643 1
4665 2
11892 4
5606 1
11400 4
2849 4
11872 1
9406 2
4599 2
802 4
1516 3
4370 3
7902 4
9894 2
8779 4
8465 1
7218 1
1553 3
318 1
1182 3
6492 3
9465 1
11811 2
2458 2
5148 2
11483 2
12347 1
4968 1
592 3
10837 1
1708 1
7428 1
3856 3
528 1
11295 1
6636 3
1326 3
8684 1
5895 4
10295 1
9210 1
10189 4
4093 4
5997 3
6734 4
8273 2
3911 4
10558 4
4442 4
5778 2
4407 4
9598 4
9684 1
6340 1
7958 3
11377 3
4036 1
2545 2
6791 1
4073 1
9621 4
9989 2
7791 1
7340 1
5875 1
240 1
9766 3
4010 2
2563 1
7019 4
3992 2
119 4
11169 1
5073 1
11194 1
12281 2
629 1
4604 3
7435 4
6572 3
3169 2
2949 1
11500 1
1239 1
10545 1
5604 3
2314 3
9111 1
70 2
3949 1
9585 1
1923 4
10992 1
4888 1
2169 2
5290 3
9154 1
6490 1
6802 1
4337 1
4868 4
3627 1
6041 1
1986 1
7067 2
9520 4
1514 1
10268 1
10174 4
5337 1
7802 1
11131 4
7041 1
2627 1
4785 2
4354 2
11268 1
5372 1
218 4
10870 3
3439 3
12345 3
7318 4
1577 2
11870 1
10481 2
6847 3
7900 4
11033 1
5129 1
492 4
8467 1
10050 2
11835 1
10856 2
10015 2
9467 1
8404 2
2662 3
3725 4
4235 4
104 3
10033 1
4129 1
7847 3
9422 1
590 3
379 2
141 3
6537 1
1864 1
4641 1
1027 1
8154 3
11738 2
5622 2
12468 1
3314 1
9487 4
8111 3
411 2
56 3
8952 3
5667 2
3332 2
1807 2
8850 4
9917 3
4622 2
7537 1
2351 1
10194 3
3377 2
9952 3
7572 1
2008 4
11402 4
472 1
7693 4
8766 1
12027 2
11332 1
5228 1
5134 4
2738 1
9391 2
1281 3
5171 4
2461 4
858 1
4875 3
10332 1
4228 1
12044 1
12495 1
6958 1
10377 1
4171 4
2526 3
4932 4
12001 1
1899 1
691 3
9723 1
8255 3
4191 1
11601 3
3813 1
10746 4
3050 1
5566 2
9808 1
1363 1
4619 4
3015 1
2813 1
10601 3
2481 1
8312 4
3033 2
10644 3
5505 1
2856 1
7673 1
6428 3
8808 1
8420 3
6800 1
12159 1
6043 1
1984 1
7065 2
6845 1
3660 1
12200 4
7800 1
7043 1
11970 4
6218 3
900 1
7492 1
1530 2
6020 2
10872 3
2660 1
6826 2
6065 2
54 1
11196 1
12283 2
4606 3
6570 3
8915 1
11990 1
4292 3
11502 1
9135 2
2214 4
1127 4
470 3
10547 1
2316 3
8170 2
11524 2
3680 4
10196 1
7748 2
11759 3
4418 1
8135 2
10990 1
2928 2
9156 1
12258 1
3524 1
7119 3
7321 2
1283 1
2990 2
12101 4
10928 1
9623 4
264 2
8666 4
7793 1
242 1
1674 2
3990 2
207 1
5071 1
2150 4
2913 4
636 4
4507 3
6449 2
9049 3
4995 3
10625 2
49 4
2115 4
11603 1
4193 3
8908 4
9212 1
198 2
8498 3
2854 3
5193 3
3209 1
9686 1
10603 1
4719 1
11458 3
2811 3
11135 2
10587 1
7788 2
10156 1
12220 1
9990 1
10915 1
7161 3
11170 2
4315 4
10113 1
9196 1
10950 1
12265 1
6063 4
6922 3
6788 2
965 4
9561 2
94 1
7026 4
10135 2
2291 4
8502 1
12243 2
1434 3
6967 3
163 4
5315 4
8196 1
10170 2
4829 2
12206 2
7083 1
9031 3
1962 2
3686 2
552 1
2234 1
1927 2
7885 1
3869 3
2271 1
10522 4
6452 1
1901 1
12285 4
531 2
12199 1
5747 2
8872 3
1107 1
1944 1
6417 1
3271 1
6885 1
2212 2
5955 3
6327 4
10257 1
6878 1
1637 4
4051 4
3504 4
6362 4
3618 1
12164 1
9297 1
10212 1
4308 1
5582 3
9646 1
2092 3
3894 3
5480 4
11686 1
5812 4
4955 3
978 1
11257 1
2996 4
8646 1
10498 3
4582 3
9625 2
2618 1
11212 1
8297 1
262 4
7753 1
2135 1
4097 2
12412 3
1018 3
10764 3
653 1
2976 1
5739 4
282 1
3156 2
3915 2
616 1
10721 3
1265 2
1692 1
5446 2
630 2
1243 1
3976 1
2587 2
11764 3
1959 4
4460 1
10666 4
865 1
1084 2
2740 1
7126 1
11056 4
8402 4
2705 1
820 1
9992 3
7920 1
6100 2
8545 3
2989 3
6126 1
5848 3
7594 2
6965 1
2766 2
7338 3
3028 1
1801 4
3334 4
12448 4
4624 4
10422 1
9076 1
12099 4
6183 4
12385 1
7450 3
3371 4
10467 1
8076 1
6887 3
8835 1
6415 3
3273 3
11422 1
10679 3
1591 3
6668 2
9268 3
8033 1
7985 4
1140 3
10028 2
11786 4
10210 3
1711 2
2896 1
10684 3
5208 4
6039 3
4151 1
7695 2
10808 1
5132 2
3090 1
344 2
4580 1
4114 1
10312 4
12378 1
6262 1
4957 1
11684 3
5934 2
3896 1
6282 4
9377 1
3876 4
5462 3
11391 2
469 2
5427 3
4560 4
12410 1
11723 1
5639 1
5525 4
8828 4
8377 1
11766 1
2070 4
898 1
9780 2
7998 1
7777 1
12436 3
677 1
3172 2
10391 3
8253 4
11989 1
5893 1
6569 3
2154 1
5444 1
1079 3
632 1
6380 2
8216 4
8949 1
9253 4
2172 2
614 2
4893 1
3111 1
3952 1
4401 1
1267 1
4095 1
10293 4
280 2
3248 4
7569 3
7380 2
11705 3
4758 4
1222 1
5971 3
2422 3
4836 4
12219 4
10969 4
4030 4
1656 4
10236 1
8439 3
1385 3
9644 2
1754 3
11273 1
8662 1
9439 3
919 1
11969 4
7819 1
11236 1
4763 2
1105 2
8911 4
1946 2
5700 1
8583 4
2210 1
2684 1
50 4
8954 4
11192 4
9481 3
2149 4
2808 3
4700 1
9583 4
1925 1
8856 3
7415 2
1123 1
4745 1
7081 2
181 2
1960 1
3684 1
4394 1
1980 4
494 3
7906 3
10172 1
4374 4
12118 4
3664 4
10931 1
12204 1
3578 1
11154 2
8738 3
10137 1
5276 3
7100 3
11172 1
7841 4
2578 1
10952 2
147 4
11137 1
7804 4
2621 4
9500 2
3766 3
10585 2
7496 4
596 4
408 2
7508 2
8108 3
4501 4
10707 1
12471 1
5891 3
10742 1
4658 1
675 3
2113 3
4446 3
11707 1
7677 4
6730 3
9330 2
3587 3
12086 2
6775 3
2054 4
8849 4
2799 1
5195 4
9089 2
4116 2
1199 3
1735 2
797 1
11336 4
7919 4
346 1
3092 2
2420 1
5973 1
4269 4
158 3
1713 1
11234 3
12319 1
6203 1
4936 1
3779 4
2406 2
11271 3
10336 4
4130 1
1756 1
10869 1
4973 1
3420 1
6246 1
12040 4
325 2
5910 2
3310 4
9483 1
4600 4
5396 3
9052 1
709 2
1860 4
3355 4
4559 1
10092 1
3498 1
9854 1
8052 1
4396 3
10465 2
8811 1
8483 1
11406 1
5600 4
9872 2
5294 4
5188 1
2498 1
10420 2
2049 1
3212 3
6474 3
433 4
5559 1
841 1
9759 2
2764 1
8426 4
1298 3
3707 2
4217 2
7147 1
9524 3
496 1
8561 3
3478 4
3764 1
259 3
6941 1
4168 4
7124 2
6596 1
5829 3
11799 2
5683 2
12341 4
3721 1
6147 1
4231 1
1457 1
2393 2
9336 4
3074 1
6612 1
734 2
9373 4
7634 2
10727 4
1347 1
4521 1
6657 1
2837 1
712 1
2074 1
3483 2
11727 4
2872 1
5521 1
2031 1
7657 1
10458 2
6634 2
9519 3
11316 1
6321 3
839 1
9721 2
4814 3
11849 4
11782 1
5698 1
11353 1
5249 1
2759 1
8889 4
4851 3
3502 3
9393 1
5814 3
11375 2
5486 3
1733 4
7364 3
3759 1
12025 1
12339 4
4916 4
3388 1
10782 1
4698 1
8348 2
1840 1
12409 1
6981 1
7570 2
37 3
1805 1
4620 1
435 2
3316 2
881 1
1258 3
6535 2
1866 2
1025 2
8831 4
7556 1
3928 3
456 1
11854 1
6863 3
5211 4
4787 3
10074 2
11052 1
7961 4
10209 3
10031 2
2089 1
2395 4
11837 2
11074 2
2646 3
6167 4
1477 4
4211 4
4685 4
3089 1
3395 4
3744 4
12038 4
3458 1
10811 1
11209 3
4148 1
6655 3
9255 2
2268 1
11662 1
3870 3
4523 3
8236 1
3835 3
5421 4
11627 1
9028 3
1138 2
9236 1
3268 1
3174 4
11439 3
10662 1
4778 1
9273 1
7610 3
6757 4
3972 4
1247 4
4421 4
10627 1
3500 1
10949 1
4853 1
12160 4
11780 3
5830 2
7305 2
9642 4
8578 2
12239 1
6323 1
4484 1
9607 4
4798 4
3194 1
6305 2
4830 2
1615 2
10169 2
2500 1
8293 4
7839 4
11216 4
5010 1
3526 2
5798 4
7323 1
8989 1
6178 3
223 1
5349 4
8172 1
6983 3
10563 1
4479 1
1103 4
8917 2
13 2
7554 3
7185 3
9137 1
1146 4
3230 4
7983 3
9172 1
9543 4
947 2
5909 3
12261 4
6067 1
3295 1
8090 3
6861 1
1532 1
12138 1
6022 1
167 1
7824 1
5311 1
4372 2
6004 2
122 1
961 1
9679 2
90 4
7022 1
2644 1
2295 1
1065 1
9480 4
10405 4
1379 4
8955 3
4646 1
1863 1
8910 3
3787 1
9308 1
4297 1
7553 2
3370 2
11719 1
5603 1
10542 3
4458 3
475 1
4625 2
1800 2
8308 1
430 1
5646 1
2809 4
1492 2
4108 2
8425 1
10851 2
1187 3
11034 1
11877 1
12119 3
10814 2
2418 2
9739 4
597 3
9425 1
10071 1
1411 4
6101 4
2620 3
6689 1
9460 1
10034 1
1748 1
10328 4
12342 1
10877 1
4990 1
3012 1
6568 4
10704 4
1078 4
3851 1
10418 1
5759 3
8252 3
9009 1
5524 2
3057 1
10741 4
1321 1
4547 1
3814 1
7674 1
7568 4
468 4
8781 4
10292 3
3698 3
6283 2
8009 1
9252 3
4524 2
7200 4
5935 4
6347 3
300 4
11370 1
10356 2
7588 1
9702 2
7245 4
2423 4
11029 4
345 4
2521 3
247 3
5031 3
9724 1
6159 1
3423 4
7302 3
8702 2
11787 2
5837 3
1449 1
879 2
3785 3
1861 3
5397 4
10523 2
7430 4
1067 3
9151 1
10997 1
2785 3
11566 2
1963 4
3256 4
4746 4
9114 1
11523 2
5439 2
9957 1
8462 3
921 2
1983 1
3667 1
1511 1
5351 2
6789 4
2479 3
6807 1
4332 1
11932 4
2667 1
7001 1
7842 1
101 1
3604 2
7044 1
907 1
258 4
7807 1
568 1
5402 4
11604 1
5890 4
9848 3
4194 3
8250 1
5447 4
11641 1
1366 3
7731 4
11290 1
5096 4
8848 3
4890 4
9681 1
7633 3
3586 4
10290 1
9215 1
1221 4
6731 4
3157 4
8276 2
2010 3
4076 1
11337 3
7918 3
4835 1
2505 2
10129 1
4033 1
3523 1
6345 1
2778 3
6794 1
2540 2
88 2
9661 4
1198 4
1673 2
4856 2
8624 4
200 1
10337 3
2566 1
3997 2
7794 1
3540 2
11235 4
10372 3
245 1
159 4
3778 3
7345 1
2523 1
5870 1
3215 2
9073 3
8228 1
7882 1
510 1
5766 1
11560 4
6436 2
9036 3
298 4
9875 3
4740 2
7084 1
7398 4
36 4
11639 1
5723 1
649 4
6410 1
4766 1
3929 4
9134 4
6882 1
8830 3
9977 4
3233 1
1906 1
1145 1
10639 1
4723 1
10525 4
1594 1
9932 4
2394 3
1668 1
10114 1
9191 1
6827 4
4312 4
9619 4
3647 4
12227 1
10151 1
11957 1
278 1
11114 1
11208 4
10934 2
2647 4
93 1
8997 1
7862 4
121 4
6925 3
10971 2
10132 2
10763 3
11624 4
11538 1
7099 4
7385 1
6737 2
3151 2
7772 2
9235 4
8909 2
4467 1
12183 4
6099 4
1695 1
8337 3
1158 4
3971 1
11763 3
6754 1
1675 4
7859 2
2095 3
9641 1
3991 4
4056 4
1630 4
2401 3
3546 4
11233 2
10681 1
2991 4
11215 1
7079 1
7365 4
5850 4
2197 4
11681 1
5487 4
1777 3
220 4
11250 1
7320 4
9667 2
1000 4
6510 4
6982 4
10739 4
4623 4
1806 4
3333 4
6649 1
11097 2
7412 3
12382 1
6184 4
11446 2
7880 3
1494 4
9071 1
882 4
10403 2
8034 1
410 4
2829 1
5666 4
2376 4
10446 2
7298 1
7184 4
11425 1
11739 4
455 4
749 1
1102 3
378 4
4049 3
7927 1
8091 4
2702 1
6944 2
10582 3
4498 3
9507 3
3761 2
9193 3
862 1
7121 1
2396 1
7944 2
7107 2
5498 3
10308 1
1768 4
5049 3
8995 3
3702 1
9719 1
7593 2
8193 3
6962 1
10051 4
9897 4
9335 1
12417 1
6611 4
2130 3
1301 4
656 3
1489 1
11747 2
6199 1
8313 2
11396 2
12452 1
6548 1
10438 4
1058 1
613 3
2936 3
7611 4
11761 1
3973 3
1246 3
711 4
8335 1
12474 2
6387 3
7548 1
448 1
8370 1
7199 1
2403 1
7265 1
11315 4
11009 1
365 1
10252 3
8418 1
5915 1
12161 3
9292 3
320 1
5156 1
6265 1
12063 4
5348 3
9390 4
10009 1
4113 1
5933 2
11683 3
5170 2
2289 3
3446 1
6220 1
4156 1
1730 1
7692 2
11217 3
4587 1
7243 2
343 2
3097 1
10231 1
6341 4
12147 1
8606 2
11829 3
9579 4
1280 4
1508 1
1614 4
5135 3
5976 3
4831 4
3562 4
6018 1
4348 2
690 4
5037 4
4799 2
10829 3
4933 3
7341 4
204 4
11274 1
7304 4
2562 4
9643 2
5443 1
4618 3
9787 3
635 1
1697 2
3308 3
7735 1
11188 1
9356 3
670 1
2955 1
7770 1
3936 2
4465 2
6713 2
8148 1
2973 2
7756 2
10645 4
9254 4
9148 1
3955 1
9599 1
9685 4
6770 1
9564 1
11153 2
12246 1
3626 4
4336 4
2188 2
1987 4
6319 1
3663 4
6005 4
8542 2
7901 3
5869 1
2626 4
5336 4
591 4
3559 2
10910 2
8678 4
7005 4
5373 4
6901 3
12260 2
9057 3
57 4
3009 3
4519 3
3274 2
6880 2
7471 1
8584 4
571 1
3252 1
10544 4
4742 1
1124 1
11403 3
10289 1
3683 1
557 2
9584 4
3948 4
10501 4
1161 1
4707 1
9698 1
2274 2
8765 4
9622 3
790 1
4585 2
5974 1
3401 2
4111 2
3893 2
3427 1
7222 2
1380 1
6690 1
2893 2
3462 1
6204 1
4931 1
1714 1
8667 3
367 2
4192 4
9311 1
5896 3
1039 1
3810 4
2580 3
4994 4
6670 4
637 3
1360 4
9499 4
11745 1
11459 4
2810 4
11088 4
8311 1
11394 1
1819 2
4896 3
9909 3
3912 3
4441 3
8785 1
2855 4
4090 3
8048 4
7903 1
7140 1
12201 3
7591 1
491 1
9523 3
3745 2
11369 1
2763 1
4210 2
8421 4
3700 2
7123 2
6903 1
11177 3
3726 1
10873 4
5210 2
7166 2
8566 3
11132 3
10369 1
4273 1
10444 1
5705 3
6628 1
6534 4
3783 4
9853 1
10095 1
10389 4
5740 3
9798 4
1061 4
4607 4
8036 2
2681 3
2068 2
11095 1
8010 1
9830 2
1163 3
434 4
7628 1
7534 4
6473 3
5989 1
11401 1
1126 3
471 4
3250 3
5583 4
11785 1
6918 2
5911 4
7138 1
11354 1
11048 4
2895 4
9726 2
4813 3
8394 1
361 4
8763 2
5856 3
6138 1
1428 1
10048 4
10785 1
9700 1
12067 1
7326 3
9088 4
2191 3
9374 4
5545 2
999 3
5194 2
3875 1
7676 2
6509 4
6615 1
11888 2
5992 2
3830 1
1305 1
4563 1
7650 1
10667 3
750 1
2875 1
3055 2
381 1
8068 1
2073 1
7615 1
5563 1
11765 4
10622 3
8331 4
6676 2
12185 3
7966 4
11349 4
11055 1
10875 2
4351 3
6864 3
5216 4
11010 1
11853 1
823 4
4169 2
12305 2
2888 1
8444 1
8758 4
3392 4
9401 1
4682 4
1435 4
10349 4
6239 1
6125 4
2604 3
11073 2
5169 2
9758 4
9389 4
9095 1
12366 1
964 3
4627 1
1041 1
6551 1
9836 4
5644 2
8971 3
8132 3
1490 1
8934 3
6986 1
8177 3
8369 1
3354 2
12428 2
10566 3
4295 2
9934 3
886 1
708 4
2372 1
7514 1
7608 4
4052 1
11313 3
12122 4
6324 1
3542 1
9600 4
8747 3
5872 2
11356 3
9188 1
4017 1
9294 4
3507 1
6361 1
4854 1
202 2
5074 2
2564 2
9645 4
3995 1
9559 1
2193 1
9747 3
138 4
4209 3
9396 3
5052 1
7324 1
1286 2
3719 3
12065 3
4074 2
3564 2
6302 2
8188 1
6979 3
5854 1
4561 3
2975 4
4388 2
9217 2
4759 2
3249 2
8168 4
8274 1
6652 3
12399 3
10606 2
11643 2
9168 4
1691 4
2249 2
5561 3
7617 3
11292 2
5388 2
1119 1
3930 4
6715 4
6409 1
7652 3
7046 2
3292 1
146 2
6025 1
3643 1
9993 4
10155 4
6866 1
1535 1
10249 1
3988 4
5375 2
8891 3
12266 4
4316 1
6823 1
11057 3
2643 1
7025 1
5353 1
125 1
11584 4
6046 2
7060 1
1981 2
8195 4
7823 1
10486 3
6003 2
8658 1
180 4
7080 4
8936 1
11521 1
2968 1
3599 2
7708 1
12449 3
1043 3
11678 4
5762 4
1902 4
11193 2
7516 3
4727 4
3968 1
10521 1
9175 1
6080 4
11542 2
3272 4
10678 4
453 3
14 2
11507 2
2787 2
608 3
3335 1
6182 1
8973 3
8130 3
1006 1
6516 1
32 3
9032 4
6984 1
8175 3
1020 2
7182 1
8834 4
6708 3
2335 1
10719 2
12286 3
3313 2
7984 1
5660 1
7964 4
9289 3
6060 3
11814 1
9658 3
11012 1
5108 1
11851 1
10832 2
8446 1
3390 4
4680 4
9403 1
10057 1
789 2
9891 1
8460 2
11071 2
9446 1
11698 3
5782 3
10012 1
9097 1
12364 1
3418 1
9829 1
10722 4
1342 1
509 3
11665 3
2012 2
6617 1
12411 4
5990 2
1307 1
2034 1
4196 2
752 1
3486 2
11722 4
5638 4
2877 1
7283 1
8829 1
11767 4
717 1
12187 3
12043 2
5581 4
1098 2
9761 2
1671 3
6588 2
5150 4
7979 1
2897 4
4811 3
7263 4
5209 1
10148 3
7361 3
12020 1
10787 1
7159 2
8559 3
2995 3
11335 2
5811 3
2542 3
11599 3
3897 4
3909 2
30 1
3372 3
1847 3
7453 4
10778 3
75 1
10505 2
6180 3
5760 4
1900 4
3129 1
11778 3
5662 3
9177 1
6082 4
11540 2
6416 4
6884 4
669 2
9971 1
9503 4
4780 1
144 2
3290 1
9991 4
5949 3
7495 2
1537 1
10157 4
942 2
8401 3
12178 1
6062 1
1572 1
4949 3
2641 1
10010 3
3622 2
9444 3
3888 3
2518 4
7062 1
10055 3
1729 3
7821 1
5314 1
6001 2
11622 1
2228 1
10641 2
2932 4
11667 1
6650 3
6281 3
10604 2
1178 2
7899 1
8233 1
9276 1
4424 4
2830 3
11479 3
8215 2
3228 1
6899 1
5526 3
1207 4
3932 4
1636 1
10909 1
694 2
11129 2
3191 1
4481 1
9296 4
4015 1
12279 1
6363 1
3505 1
5835 2
8700 3
1655 2
5481 1
10311 3
7879 4
5050 1
11909 1
979 4
1610 2
2997 1
8296 4
5015 1
9538 2
2619 4
8951 4
10893 3
4989 3
2250 1
7436 1
9484 3
11546 4
8157 4
3276 2
9010 3
2109 4
2215 1
1338 3
573 1
184 2
1965 1
2848 3
2233 2
8055 3
11893 3
3681 1
9951 4
3109 4
4705 1
728 3
7410 2
9914 4
8853 3
9566 1
11912 2
11580 2
7105 3
3538 1
12244 1
6801 4
8778 3
6007 4
8540 2
2726 3
10177 1
11971 1
3763 3
6946 3
5334 4
9997 2
9540 2
944 4
7007 4
11934 1
7844 4
4236 3
1450 3
6591 3
2912 1
5441 1
10700 3
6385 2
9785 3
12476 3
2151 1
7737 1
1244 2
8213 4
672 1
10745 3
5404 1
2957 1
2208 4
12433 3
6529 3
3934 2
1201 2
6711 2
10394 3
8256 4
7754 2
5467 2
2177 2
10602 4
3957 1
429 3
1262 1
7529 3
3114 1
3208 4
10233 1
3639 1
12145 1
4876 4
1282 4
1616 4
6859 1
10276 1
8290 2
8479 3
12126 2
5035 4
5329 1
2639 1
1569 2
10215 2
12163 2
6079 2
8622 1
4137 3
11276 1
6241 3
8832 2
8698 3
2217 3
9851 1
4291 4
9012 1
10097 1
1820 4
2252 3
10891 1
9814 1
2683 3
8851 1
1359 2
9249 3
5291 4
8012 1
6298 2
1922 3
11891 1
8057 1
8486 1
6434 3
9034 2
1609 3
10175 3
5128 4
11871 4
7142 1
2724 1
10936 3
3747 2
6121 2
9521 3
4869 3
844 1
2761 1
6927 2
8423 4
12489 1
6593 1
1083 1
8521 3
1452 1
10032 4
5686 2
8719 2
10871 4
3438 4
3724 1
6142 1
1885 1
7164 2
9423 4
11130 3
12301 4
10834 4
6107 1
10396 1
9313 1
11724 2
12431 1
1327 4
3014 4
1362 4
10702 1
7637 4
5190 4
10724 2
2308 1
2014 4
1225 3
10559 3
4443 3
772 4
4092 3
3582 3
792 1
9418 2
2460 1
7206 1
306 1
7959 4
4976 1
3425 1
12359 1
6243 1
7018 3
4135 1
1753 1
7220 2
1382 1
6692 1
2891 2
6206 1
3460 1
1716 1
4170 1
11231 3
8665 3
10217 1
6367 4
2446 3
8620 2
118 2
5113 3
4817 4
12124 1
3658 1
3289 1
4485 4
10683 1
2993 4
8643 1
7838 1
938 1
9620 2
3891 3
5799 1
11252 1
2658 1
4950 3
3403 3
9665 2
5465 1
4894 2
2175 1
7713 1
12083 3
8968 1
3116 2
10188 2
7387 1
3910 2
3153 2
8599 2
9237 4
10663 4
3269 4
2153 2
4420 1
2582 2
5092 2
9542 1
11936 2
11175 2
219 2
2747 3
10955 1
6825 4
4310 4
10116 1
5257 3
3188 1
12225 1
9995 1
8564 2
11308 3
5212 3
1533 4
1431 3
4686 3
12203 2
3396 3
6164 3
11910 1
2559 1
91 1
7860 4
11582 1
8507 1
5784 4
10130 2
1788 3
6471 2
9832 3
10425 3
512 1
5478 4
5764 1
186 1
7086 1
4393 2
2231 1
10460 3
8249 2
1941 1
6412 1
4764 1
398 3
8071 3
5707 2
3231 1
1904 1
11460 3
10527 4
4721 1
7434 2
5742 2
8743 4
9604 3
11848 1
7267 1
5111 1
10250 3
4974 2
5585 1
1751 2
2444 1
9479 2
322 1
5154 1
12061 4
6267 1
10848 1
4952 1
9392 4
6938 4
7204 2
8604 3
4917 1
12338 1
6222 1
3444 1
4154 1
179 3
10352 4
7690 2
2427 2
7241 2
8641 3
3095 1
285 3
11700 2
6613 4
8354 2
2971 3
654 3
1797 4
8129 3
12081 1
6287 4
7711 3
12450 1
10726 1
3873 4
4520 4
2934 3
9354 2
5679 1
10538 3
2030 4
8372 1
1887 2
7925 1
2700 1
10912 3
4808 3
825 1
6105 2
12262 3
860 1
9778 2
10957 3
2459 4
5684 1
8407 4
5598 4
6140 2
846 2
9442 4
8505 3
9093 4
10016 4
11151 3
6166 1
12360 4
5236 2
4684 1
4598 4
9407 4
10053 4
6960 1
3459 4
4578 1
7455 3
3068 1
1841 4
12380 1
982 3
11444 2
10401 2
880 4
412 4
5578 1
6455 3
9055 2
8073 1
9228 3
5621 4
11427 1
1100 3
9394 2
2464 4
5937 4
9745 2
302 4
11372 1
5268 1
12022 2
7247 4
5131 4
8745 2
4268 1
5033 3
3421 4
12041 1
7300 3
12490 1
6696 4
715 2
10888 1
3010 1
3853 1
10706 4
9783 4
6633 1
7281 2
4545 1
1323 1
3816 1
776 1
5500 1
10479 2
1791 2
6468 3
9068 2
2055 1
2816 1
5659 4
3036 2
1340 2
2484 1
5275 4
10228 3
2765 4
6495 3
8427 1
10853 2
6842 3
4377 3
11036 1
10484 2
10816 2
9427 1
5332 3
6940 4
10830 1
3479 1
12019 4
9462 1
11816 2
7239 2
8639 3
10036 1
5377 3
11484 2
6146 4
10407 4
1824 1
414 2
8957 3
53 3
8114 3
11191 3
4558 4
4644 1
1022 1
11505 3
7769 3
16 3
451 2
10191 3
6514 2
2311 1
3337 2
1802 2
5295 1
9580 3
1279 3
5558 4
2354 1
6769 3
1612 1
3678 4
12218 1
4837 1
8761 3
2507 2
1657 1
10968 1
3521 1
5483 2
6796 1
8724 3
9663 4
10335 3
8663 4
3193 2
10599 2
4483 2
7347 1
676 4
8683 1
5400 4
6631 3
11988 4
10665 2
633 4
4502 3
6674 3
2698 1
8217 1
2486 3
7409 2
731 3
9683 1
4400 4
2814 3
8231 2
2057 3
1939 1
3584 4
5502 3
10643 1
774 3
4445 4
923 2
160 2
5316 2
3665 1
7258 3
4375 1
1513 1
966 2
9562 4
7866 2
6497 1
3620 1
6805 1
1556 1
4330 1
2292 2
940 1
2665 1
11173 4
103 1
1399 3
3606 2
1570 2
12307 3
905 1
4928 3
5330 1
7805 1
8562 4
8153 1
7477 4
8582 1
5089 1
8116 1
51 1
2148 1
7432 4
1826 3
1924 4
7530 3
1167 4
10507 1
9153 1
10995 1
9910 1
1961 4
4744 4
9116 1
10193 1
4089 1
9955 1
8097 4
7921 1
10916 3
7162 1
2704 1
6595 2
5251 1
7127 1
1085 2
2390 1
6907 2
6144 2
11486 4
8403 4
7101 2
6921 1
4214 1
1472 1
12078 1
6162 1
11916 3
7339 3
5232 2
807 2
2722 2
7144 2
8544 3
1437 1
4251 1
6964 1
11110 3
3741 1
12321 4
4660 4
1845 4
7451 3
8051 2
2237 3
9871 1
10423 1
4539 1
2272 3
7414 3
8014 2
11091 2
3029 1
6553 4
12098 4
12384 1
9077 1
884 4
8871 1
9812 2
1141 3
416 4
6451 3
2370 4
8077 1
5625 4
11423 1
10685 3
4176 2
1710 2
2719 4
6038 3
363 1
5115 1
8396 4
1384 2
5913 1
2440 1
326 1
4956 1
3405 1
6263 1
4115 1
10313 4
6226 1
3440 1
10809 1
4913 1
4581 1
9333 1
3071 4
10767 1
3832 4
1793 4
9376 1
3034 4
3877 4
2071 4
3975 3
2832 4
12472 2
8333 1
7999 1
899 1
3173 3
10390 2
1205 3
383 4
5828 2
11798 3
3518 1
12264 1
10951 1
7125 3
8525 2
5253 3
4314 4
6821 4
9197 1
10112 1
4008 1
10586 1
11977 2
6027 4
3641 4
11951 1
11112 1
5008 1
6966 3
162 4
7027 4
4216 3
127 4
7864 4
8503 1
5780 4
2290 4
7884 1
984 1
2270 1
182 1
7082 1
2235 1
2129 4
553 1
3270 1
1106 1
4760 1
7475 2
9132 4
5703 2
8208 2
3235 1
4439 4
4725 1
1143 1
8030 3
8873 3
12284 4
10213 1
7224 3
2093 3
8088 3
4050 4
6326 4
588 2
7261 3
8459 3
10687 1
8647 1
263 4
5309 1
7363 4
1549 2
10235 2
11256 1
226 4
5813 4
617 1
2171 1
12456 3
3951 2
3112 2
5424 1
2977 1
5738 4
12413 3
4096 2
2134 1
3914 2
4447 2
7383 1
283 1
9233 4
1958 4
12299 1
2586 2
1242 1
4738 4
8109 2
7064 2
5312 2
1985 1
5969 3
3661 1
6844 1
962 2
6042 1
5786 2
4028 4
4334 1
4969 3
3602 2
8523 4
6219 3
901 1
2624 1
7042 1
2538 4
5028 4
7801 1
1709 3
593 1
8914 1
7473 4
4642 3
5419 1
8112 1
11197 1
5391 4
6749 2
55 1
1822 3
6571 3
6398 2
536 4
1920 4
10503 1
9157 1
2929 2
10991 1
7571 3
8798 3
8932 2
10546 1
10197 1
9112 1
4391 4
11331 3
4070 1
12100 4
10929 1
1998 4
1653 1
4035 1
4329 4
7118 3
8518 2
12259 1
5056 2
8720 3
5070 1
959 4
2560 1
5833 1
7792 1
4815 2
5876 1
11602 1
5718 1
2114 4
9270 2
48 4
9048 3
5090 4
5192 3
9256 1
4718 1
4404 4
6772 4
8235 2
5994 3
3580 4
10296 1
7448 2
770 3
1227 4
1978 1
5271 4
11834 1
10014 2
6278 2
1181 3
5234 4
801 4
10480 2
8466 1
493 4
4271 4
1417 4
903 3
5908 2
4234 4
4128 1
12058 4
11480 2
9486 4
11544 3
7728 3
12469 1
3315 1
3781 1
5623 2
7555 2
2333 2
8814 4
4666 2
9110 3
473 1
5519 4
5605 1
2009 4
6728 3
1045 2
4889 3
6555 2
5640 1
436 1
7536 1
2350 1
8722 1
10315 2
6790 3
859 1
8767 1
2425 4
10781 2
5229 1
8741 2
10376 1
10333 1
5072 3
12494 1
2077 2
8211 3
6672 1
4504 1
2032 2
5522 2
754 2
3480 1
1878 4
3812 1
4541 1
10747 4
11600 3
8685 3
7672 1
2857 1
5504 1
11702 4
5618 4
8787 4
8356 4
8809 1
2051 1
1795 2
737 1
5420 4
11626 1
9211 2
29 4
287 4
3871 3
2269 1
3032 3
10600 2
8237 1
12181 1
11645 2
10626 1
6756 4
3130 4
7285 3
9968 4
385 3
1203 4
4779 1
3175 4
7790 2
8390 3
3544 1
6322 1
8579 2
2527 2
9606 4
6838 4
10948 1
4852 1
3501 1
4037 2
1651 2
5485 1
3527 2
4874 2
5054 1
222 1
5817 1
8988 1
2544 1
10168 2
8292 4
5011 1
2501 1
7367 1
8173 1
34 1
8930 1
7457 4
3376 3
11527 1
5721 4
8136 1
980 4
71 1
8975 1
2168 1
9916 2
6457 4
1147 4
1596 4
9173 1
628 2
9930 1
12280 1
6086 4
8916 2
4478 1
9136 1
11501 2
8440 3
7803 2
140 2
7278 3
6023 1
4355 1
10153 4
2663 2
8405 3
105 2
7846 2
8897 3
1576 1
7023 1
960 1
123 1
5355 1
9440 3
925 1
4908 3
11955 4
7066 1
5310 1
7825 1
11116 4
166 1
9372 4
5543 2
3030 1
1346 1
9337 4
2016 2
8499 2
5506 2
9868 1
3075 1
3369 4
12415 4
4679 4
548 3
7656 1
11726 4
5520 1
2873 1
756 1
10661 3
1325 2
10459 2
2075 1
2369 4
713 1
2836 1
8868 1
3855 2
11783 1
5699 1
10331 2
2758 1
8888 4
5917 4
11352 1
9518 3
1408 2
3197 3
5952 4
9720 2
9888 4
1732 4
4248 1
9706 1
3389 1
5815 3
10317 1
9743 1
11374 2
10427 4
11389 2
3331 1
6186 1
2352 2
8134 3
10462 4
3374 1
6512 1
8171 3
1867 2
3352 2
10560 3
2331 1
7557 1
4293 2
8875 4
3317 2
11462 4
1259 3
9349 2
7512 1
2374 1
10208 3
11053 1
5149 1
5255 4
7960 4
2745 4
6064 3
2088 1
11482 1
11016 1
4357 3
11855 1
10075 2
8442 1
10836 2
3394 4
10482 1
4149 1
164 3
4255 4
1433 4
2602 3
12039 4
6123 4
10810 1
11075 2
2296 3
11836 2
1476 4
10855 1
9317 1
11720 2
3484 4
7774 3
2112 3
674 3
4659 1
4992 4
409 2
1839 1
12470 1
2914 3
4500 4
631 3
2349 1
1264 3
733 4
11392 1
5288 1
2798 1
10720 2
2853 4
8783 1
8352 1
3442 2
6224 2
9624 3
4911 2
1734 2
818 4
3093 2
347 1
8726 4
4954 2
6261 2
3407 2
1771 2
7202 1
6247 1
4131 1
1757 1
9763 4
12318 1
6202 1
3464 1
12004 4
7059 3
1712 1
2407 2
5117 2
575 3
6532 4
3048 1
11421 2
10093 1
4189 1
9016 1
530 3
9482 1
4601 4
3311 4
6577 4
10895 1
10421 2
2499 1
11442 1
432 4
1165 3
1926 3
6475 3
7532 4
2048 1
11895 1
8810 1
1318 2
4397 3
477 4
11407 1
8482 1
5601 4
7577 4
7905 1
5230 1
10171 3
805 1
11875 4
7146 1
4253 2
7940 1
11830 4
7103 1
12242 3
840 1
6923 2
6597 1
1087 1
866 2
11171 3
1456 1
6905 1
12340 4
7789 3
1881 1
2706 2
4275 1
10073 4
3765 1
5445 1
2916 1
7733 1
2584 1
3136 2
11606 4
2953 1
7776 1
10579 2
5426 2
8350 3
1223 1
11704 3
3155 1
4892 1
11579 2
7715 2
8315 3
11741 3
1266 1
3953 1
3110 1
4031 4
11685 2
2466 3
4872 4
7038 2
8438 3
10272 1
12104 1
5970 3
7694 3
7796 4
696 4
9438 3
11237 1
7818 1
11968 4
3466 3
10211 2
8626 1
11272 1
1755 3
4970 3
2678 1
5395 1
9051 3
2599 4
2254 1
5458 4
11995 4
5701 1
3148 4
6432 1
8480 3
1122 1
4395 1
8812 3
11897 3
3211 1
6477 1
986 2
4701 1
9582 4
8993 2
239 2
11155 2
12240 1
5849 2
2988 2
3579 1
10930 1
10173 1
4069 1
6840 4
11328 3
7907 3
9501 2
11975 1
11136 1
4277 3
7497 4
7003 4
2579 1
9544 2
7840 4
358 4
12205 3
7689 4
7595 1
9527 3
495 1
5277 1
7942 1
2767 1
11832 4
5928 4
842 1
10975 3
8739 1
8 4
2741 2
864 2
1454 1
4232 1
3722 1
6258 4
5680 2
5214 2
1883 1
6942 1
3767 1
10440 1
3809 1
577 3
3356 4
6530 4
2211 3
9857 1
10091 1
9014 1
4603 4
6669 1
6575 4
11466 2
10897 1
8857 1
5297 4
11440 1
2356 4
3685 3
10466 2
769 1
11405 1
7669 1
2313 4
7575 4
3254 3
794 1
488 4
4150 2
5133 1
12379 2
12141 3
5176 1
6818 3
6245 1
10029 1
4133 1
5368 3
11809 2
6694 1
12492 4
12006 4
4935 1
6200 1
10370 4
2405 2
9315 1
2110 3
8376 2
12437 1
5094 3
9350 1
2155 3
9781 1
1364 4
7631 4
6776 3
5547 4
5196 4
11390 1
6733 3
11418 4
2851 4
3916 3
8991 2
11914 2
1299 1
9560 1
1185 4
10977 1
6358 1
6044 4
11586 2
1554 4
1648 1
10134 1
9525 1
9639 4
7597 3
2720 3
12207 1
10932 1
4828 1
7358 1
2622 4
11228 4
11134 1
8560 1
595 4
689 1
12221 2
6453 2
2687 1
2256 1
2909 4
5746 1
8151 4
8912 4
11997 4
3499 3
2213 1
8580 4
11619 1
6430 1
10540 4
1120 1
8053 3
9208 1
3687 1
3213 1
10619 1
4703 1
9912 4
516 2
8602 2
4870 4
12143 1
6059 1
6488 1
1284 4
10270 1
3566 4
6300 4
12106 1
2421 3
11868 3
5972 3
796 3
7488 1
6879 2
12120 2
8661 1
4174 3
8538 4
1386 3
11270 1
5076 4
10868 3
4972 3
9647 2
9929 2
2157 1
1693 2
3977 2
2951 1
11518 1
8681 4
12435 3
7468 4
4461 2
10392 3
652 2
9109 1
11706 3
8929 2
7717 2
8317 3
9250 4
68 2
11743 3
10518 1
4402 1
6774 1
4786 1
9505 4
10580 4
3296 1
6021 1
1531 1
6862 1
8093 3
2661 2
107 2
6378 4
11810 3
8895 3
1574 1
7021 1
5808 4
1183 2
6493 2
5357 1
3624 2
8619 1
12325 3
927 1
9895 3
7378 4
8191 4
7827 1
4371 2
1517 2
7749 1
1002 3
4664 3
555 4
11525 1
73 1
8977 1
6557 3
2276 4
4621 3
1688 1
9171 1
7980 3
6084 4
12282 1
1943 4
10 2
457 3
8392 3
6320 1
692 2
2525 2
7343 2
4487 1
10109 1
4013 1
9290 4
5248 3
4850 1
3503 1
6365 1
206 2
11929 2
6343 2
3525 2
2546 1
3560 2
6306 2
265 1
11109 1
5013 1
2503 1
3758 3
5422 4
4565 3
2132 4
10647 2
8270 1
199 1
611 4
11661 1
11647 2
1589 1
5565 3
10624 1
4422 4
3132 4
6448 1
8687 2
9129 4
3177 4
7962 4
11051 1
11812 1
3600 3
9466 2
11014 1
827 4
3645 3
11857 1
3294 3
10077 2
11032 2
9405 1
2438 2
4257 4
10812 1
12327 1
11077 2
4212 4
1474 4
9091 1
12362 1
10857 1
2645 3
2781 2
3829 4
1843 1
9877 4
7573 2
9328 1
9975 3
7649 4
4605 2
8877 4
7982 1
8328 1
7510 1
5587 4
11781 1
8704 1
12045 2
3739 2
3993 3
4229 2
2097 4
11350 1
4011 3
3195 3
6959 2
5950 4
7179 1
12238 3
9722 2
1898 2
1632 3
4054 3
4915 4
12026 1
5852 3
267 3
10350 1
2739 2
9704 1
6179 1
1469 1
1775 4
9741 1
11376 2
9370 4
6285 1
5541 2
2812 2
6654 1
5779 3
2480 2
4522 1
1344 1
9029 1
8272 3
3077 1
4567 1
3834 1
10761 4
4190 2
7654 1
11438 1
2871 1
3051 2
1919 3
9809 2
2834 1
5567 1
8029 1
5406 4
6637 3
2116 4
5894 4
8254 1
3857 3
529 1
2910 4
11559 4
7429 1
9272 2
4996 3
11294 1
11663 2
4406 4
1260 4
5996 3
10294 1
1139 1
6429 1
6735 4
11333 3
10274 4
4072 1
6304 1
12102 4
11948 2
2195 2
7322 2
1677 2
9767 3
11168 1
5831 1
9988 2
241 1
5874 1
12000 3
3168 2
8155 1
11993 1
5889 1
12 1
10562 2
6536 3
3350 3
1865 3
1026 3
4640 3
2948 1
11289 4
5393 4
8110 1
11195 1
8953 1
6573 3
11658 4
534 4
1063 3
3217 4
9155 1
11562 2
10993 1
1967 4
2315 3
1238 1
10658 4
10195 1
9953 1
2600 2
6846 1
1515 1
10269 1
4373 1
9678 1
6491 1
10973 4
6040 1
2294 2
1550 1
6803 1
7319 4
12344 3
946 1
11269 1
6066 2
4784 2
11973 4
7040 1
12139 2
6860 2
7491 1
7613 2
11296 3
3016 1
4506 1
10088 1
3482 1
6635 1
3053 1
387 2
4543 1
7287 2
7670 1
9213 3
1303 2
3836 2
2053 1
7635 1
735 1
9687 3
6656 2
2482 1
6792 3
5931 4
2462 4
11068 4
5172 4
304 4
12024 2
4833 3
10783 2
4699 2
341 4
5137 4
12002 1
6118 1
10068 4
4172 4
10374 1
243 3
838 2
7938 2
11317 2
7306 3
8706 2
12047 1
2389 2
9765 1
12496 1
3848 4
5664 2
9816 4
7186 2
8586 3
11503 3
1024 1
10758 1
11991 3
8816 4
12408 2
8349 1
5607 1
8484 4
2317 1
6980 2
1047 2
2783 1
5293 1
1804 2
11758 1
5642 1
4419 3
9586 3
1496 2
319 1
1552 3
7946 4
5273 4
7219 1
12158 3
11030 1
3088 2
803 4
11873 1
8464 1
7493 3
9421 1
142 3
1415 4
12303 1
1081 4
9464 1
5371 3
10030 1
12346 1
9331 1
7752 3
3073 4
10765 1
1019 1
12087 1
5461 3
4526 4
7509 1
6752 3
9352 2
3134 3
6383 3
3171 3
6717 3
4288 2
2036 4
3798 2
8374 1
3349 2
10743 2
4937 2
9602 3
5954 1
10256 3
11311 4
11499 1
12165 3
3619 3
2442 1
5152 1
324 1
4309 3
4117 1
9459 1
3895 1
11687 3
5174 2
11213 3
7696 2
10354 4
4152 1
10499 1
4583 1
5725 3
10464 1
4662 4
1004 4
6608 1
9873 1
9030 1
3868 1
8855 2
7416 3
8016 2
11093 2
5189 2
12386 1
9369 4
9075 1
12198 3
7986 4
1592 3
11464 1
9810 2
9053 2
8836 1
7180 4
10442 2
8075 1
9855 2
2868 1
5627 4
2337 4
7551 4
1945 3
7923 1
8389 1
8095 4
10914 3
7160 1
1413 2
6103 2
339 4
8893 4
2743 1
2392 1
4230 2
3720 2
9546 3
5682 1
11157 3
1470 1
6160 1
3706 1
95 3
10798 1
8546 3
8197 3
9893 4
12323 4
497 2
3743 1
4638 3
10988 2
615 1
2930 1
5463 1
2173 1
12454 3
3328 3
12085 3
11620 4
650 1
9948 2
4094 2
1858 3
2136 1
7750 1
7381 1
281 1
6999 3
9231 4
4463 1
5892 2
2328 3
6381 1
9274 4
8948 2
10620 4
1240 1
4426 1
6750 1
7226 3
12167 1
2091 3
1634 4
10254 1
1528 1
5956 3
918 2
4368 2
3091 3
8645 1
1736 3
261 4
5017 4
8294 1
11211 1
9626 2
10237 2
8600 1
11148 4
11254 1
1773 3
224 4
7886 1
9834 3
77 4
11564 4
514 1
8269 1
551 1
5727 1
6414 1
1947 1
2029 3
5539 3
4762 1
1104 1
10564 4
1218 4
9130 4
6886 1
9973 4
3237 1
2685 2
1590 1
9269 1
8032 3
5744 2
532 2
9936 4
11930 2
5069 2
10953 1
4849 1
8527 2
9195 1
10110 1
10698 4
4782 4
10584 1
12223 1
6339 1
821 3
1629 1
4353 4
6127 3
2606 4
11953 1
8289 4
97 1
3704 3
11249 4
8501 1
10136 2
11821 2
9749 4
9455 1
3899 1
11062 2
6171 4
12377 1
4958 1
2650 3
5340 3
7875 3
9084 1
4207 4
9398 4
6932 4
10495 1
9410 1
7073 3
10807 1
6228 1
10044 1
1738 1
173 3
6977 4
9436 2
11001 1
7932 4
2899 1
4791 3
4305 3
328 1
11044 1
1835 2
12295 3
2363 1
11769 1
5673 1
719 4
8378 1
8827 4
5636 1
3363 1
6505 1
11532 3
4673 1
8925 3
1813 1
3879 4
9064 4
12397 4
4106 4
5802 3
3416 4
4945 4
5004 3
10059 4
2514 3
7909 2
10794 1
10363 2
4279 2
3769 2
8754 1
5106 4
8385 1
8711 1
12050 2
11059 4
335 4
7129 1
2453 4
5900 4
4729 3
4983 2
704 1
418 4
2821 1
7604 1
2062 1
3239 3
12194 3
9267 3
8320 4
11731 4
2864 1
741 1
10676 3
8365 4
10468 1
4572 1
1314 1
11899 2
3062 1
6518 4
9079 1
1780 1
1351 1
6641 1
3027 1
12447 4
5185 2
7832 1
8298 1
8184 4
11101 4
171 1
1990 2
2617 1
8555 4
8649 1
9412 3
6486 2
9086 3
5342 1
11907 4
8982 4
86 4
2652 1
977 1
11595 4
5793 1
7851 2
11497 3
2674 2
3999 4
9555 4
951 2
9649 1
1561 1
4307 1
8880 3
3283 1
10595 4
4342 1
1524 1
6877 1
5119 3
6328 4
6034 1
11984 2
1209 1
3263 4
8142 2
3979 1
1150 4
12297 1
895 3
9927 1
9278 4
9164 1
7995 3
997 4
9593 2
11575 1
619 1
9901 2
10984 2
3324 3
3159 2
8164 1
540 4
11530 1
2226 4
4098 2
12209 2
1603 2
7370 1
270 1
6968 3
11200 4
5006 1
11588 1
11694 4
3530 2
4863 2
1297 2
7335 1
2553 1
235 1
4218 3
4845 1
6370 1
868 3
10200 4
11347 3
9548 1
3984 1
11796 3
5065 2
1625 1
2530 2
10588 1
4492 1
3182 1
392 3
7292 3
8692 2
11617 2
6418 1
10674 1
1108 1
2258 2
9265 1
1680 4
8206 2
2060 3
1251 4
3964 4
10631 1
7418 1
7704 4
11568 4
8220 1
6292 3
9692 2
6606 3
5437 4
11631 1
3689 2
641 4
3258 2
10652 2
4748 2
114 4
208 1
11164 1
2672 4
11927 1
7308 1
12049 3
8530 1
11121 1
3199 2
7051 4
10142 2
4058 2
6857 4
7153 3
3672 4
6308 1
10927 1
9575 1
2199 2
4327 4
1541 4
8516 2
991 2
4716 1
7891 2
8840 3
503 2
9907 4
8003 3
8497 3
1976 1
2018 3
546 2
3692 1
8805 3
7446 2
8907 4
11982 4
5898 4
9840 3
1113 2
3265 2
560 1
10457 3
5716 1
7460 1
1156 2
2692 1
46 4
1915 2
6446 2
11649 1
5753 1
9497 3
525 1
1587 2
7739 4
2573 4
11265 1
215 4
8568 4
9617 2
3471 3
11220 1
12113 1
3573 4
1605 4
1519 1
1291 4
2649 2
6781 4
2164 2
9159 1
4885 1
8979 2
9694 4
4417 1
2319 3
6724 1
3142 1
296 2
38 2
8796 3
12420 3
2944 1
661 1
8159 1
5885 1
7724 1
6396 2
11654 4
2901 1
9347 3
11199 1
5083 1
8577 3
12312 4
6114 1
6957 1
4262 1
5039 3
7132 2
9475 4
1090 1
6151 1
4227 1
6912 1
2772 1
12255 3
857 1
10123 3
11378 1
2737 1
5227 1
12028 2
6132 2
9532 3
7580 1
8358 4
11882 1
5998 1
6427 3
9027 2
2859 1
11398 4
5282 4
2792 4
3204 3
2343 4
7639 1
11455 1
11749 4
1172 3
739 1
7427 3
3306 4
6560 4
9495 1
10410 1
9358 4
3343 4
1876 4
6639 1
8062 2
1329 1
10455 1
9001 1
9842 1
3792 4
11222 3
1705 1
10079 1
6215 1
3473 1
2628 3
7276 2
8676 3
9731 4
5594 2
6250 1
948 3
12056 4
6681 1
9468 1
2455 2
4943 2
315 1
3882 2
2473 1
7215 1
781 1
3455 2
8774 4
2436 1
2844 4
8488 4
8794 1
4450 3
6726 3
9326 2
3378 2
3946 3
1273 3
7624 4
3105 3
9363 2
11099 4
5183 4
59 3
9345 1
9794 1
12467 1
5887 3
8918 3
9300 1
1334 4
4552 4
7763 3
8363 2
2105 3
12422 1
2140 2
1684 1
6394 1
626 2
12192 4
5668 3
2591 2
3960 1
9138 1
6700 1
1210 1
3925 1
7745 1
11529 1
5433 1
2960 1
1808 3
10737 3
4887 2
600 1
2925 1
12090 3
5496 4
3410 3
6276 3
11241 1
4100 3
12111 2
2980 4
2512 4
9633 2
168 1
8281 1
11204 1
11118 4
3557 4
12137 1
5943 3
10241 1
1621 4
4496 4
9615 1
5338 2
8899 3
3512 4
1578 1
333 3
9281 1
10118 4
1664 4
9650 1
10628 1
2690 2
1917 1
6758 4
6095 1
1699 4
6401 1
8821 3
2204 2
4751 2
3241 2
10473 3
11534 4
5732 1
7758 4
8239 1
6462 2
9062 3
2267 1
7401 1
1467 3
11140 1
8986 1
82 1
7030 4
973 4
2287 4
4039 2
3529 2
8514 1
5303 4
11105 1
269 1
1422 3
3754 3
7369 1
10166 2
12210 2
11123 2
9514 1
4797 4
2529 2
7934 3
4819 1
3656 4
11925 2
9551 1
5244 3
9180 1
10105 1
1679 1
10946 1
11735 1
459 1
3164 3
7645 4
7559 1
10756 2
1869 2
700 4
1257 3
12465 2
8038 4
8324 1
6188 1
11756 2
9361 1
5474 3
3860 4
12443 1
6559 1
8302 2
10770 1
647 3
5431 3
1721 1
4147 1
3086 1
9715 4
1478 4
3412 1
2471 2
8715 4
9652 3
3434 2
11341 4
331 1
9283 3
10206 3
12170 3
1393 2
7231 1
1707 2
4788 3
2880 1
4359 3
11018 1
11304 4
7168 4
7274 1
2412 1
5941 1
6891 3
8060 1
7289 1
8823 1
7658 1
10086 2
6403 3
4775 3
444 4
7993 4
3018 2
4508 2
8866 1
2367 4
5677 4
7403 3
4632 4
5775 3
9060 1
6289 1
9025 1
197 3
9866 1
5508 2
4697 1
8553 3
7910 2
3387 1
6130 1
3756 1
9886 4
7582 2
7955 2
8984 3
80 3
10319 1
1092 2
873 1
12498 2
7973 1
4225 2
6910 2
3548 3
5203 1
8451 4
4260 2
2805 1
7620 1
2046 1
2497 1
3866 2
5187 1
8018 1
2840 1
11409 1
5513 1
7579 4
7665 1
9206 3
5535 2
10381 4
1330 1
6620 1
4981 1
2823 2
7606 2
9341 4
1375 1
4513 1
9790 4
10715 4
12463 4
6579 4
2575 3
3432 4
12052 1
6148 1
6599 1
4 4
9770 1
1089 1
5020 3
10361 1
1701 4
9735 1
7685 4
499 1
2432 4
5961 4
7148 1
9713 2
8429 4
5924 4
5286 1
8005 4
12458 2
4634 2
1483 2
2347 1
2818 4
1854 2
10182 3
8803 4
2302 1
7564 1
8491 4
5612 1
1872 1
7193 2
7542 2
2324 2
4286 1
9005 4
3796 1
6564 1
4612 1
11182 3
7507 2
8107 3
2588 3
40 3
10886 4
11805 2
9471 1
1094 4
10866 1
12353 1
6155 4
5364 3
4223 4
10025 1
8086 2
914 3
10823 1
4939 1
3776 4
10060 1
816 4
7249 1
11866 1
7916 4
11025 1
8471 1
10805 2
798 1
7698 1
3631 3
11060 1
8434 1
8728 4
9204 1
10281 1
3146 4
767 3
10650 1
8859 3
11676 2
6479 1
2807 3
5554 3
7720 4
3001 3
3842 3
11650 1
10899 3
6888 2
7765 4
1332 3
579 1
4185 3
685 1
599 4
5861 1
254 1
3180 2
5022 1
8635 4
6372 2
5824 1
5067 1
11261 4
6354 1
3532 1
4861 1
1644 1
4022 1
10224 4
1189 4
9670 4
1295 1
11918 2
2551 2
5041 2
6785 1
12117 4
809 3
4067 1
1601 1
272 2
5610 3
4757 4
10551 1
3696 4
9946 1
10180 1
1174 4
8960 2
2794 3
10986 1
8946 1
8105 1
11551 1
7421 4
11986 1
10577 2
4284 3
678 1
11514 1
8591 1
7778 1
7816 1
11239 1
3281 2
12314 3
2633 1
4340 2
6875 2
7484 1
3650 2
110 1
5366 1
7853 1
2676 1
3615 2
6484 1
1194 1
1288 4
6816 1
6055 1
6349 4
930 2
9628 1
8473 3
2615 2
10160 4
6853 1
11864 3
6010 1
12216 4
7228 2
11807 2
9473 1
10864 1
11495 2
10027 1
584 3
7055 3
8455 2
12008 4
916 3
10821 1
155 3
10062 1
1402 4
5323 3
7157 4
1500 3
7586 4
7112 4
10239 3
1545 3
5178 1
5264 4
8844 4
1481 2
6778 3
2059 4
7523 1
5655 1
10514 3
9591 3
11884 4
10769 2
1015 2
7566 1
2300 1
466 1
3918 3
11416 4
1870 1
12439 1
6523 1
3345 1
10082 4
3794 1
3488 4
8903 3
3300 1
1076 1
2918 3
9042 4
11180 3
42 3
6909 1
10326 1
11794 2
4963 4
3430 4
11345 2
6687 4
12481 1
9772 1
1703 4
4926 4
7785 3
787 4
8772 1
356 4
6311 3
9385 2
8737 1
11363 1
5279 1
10138 3
9754 2
2769 1
5926 4
2044 1
9241 3
11717 4
5511 1
7667 1
2001 1
9859 1
3495 1
4554 1
8690 3
7479 3
6622 1
3044 1
10717 4
4511 1
157 1
11964 4
7057 1
2631 1
586 1
112 1
11162 4
7012 1
6832 2
9298 2
3617 2
8536 4
134 2
7034 2
1196 1
4321 1
1547 1
6057 1
11689 2
9536 4
1502 1
4364 1
3568 4
6012 1
3674 1
11708 3
10553 1
1133 4
4755 4
3245 4
1970 4
9944 1
3588 1
9107 1
1176 4
5657 3
8962 2
1935 4
9142 1
8944 1
5098 1
5449 1
10708 3
3302 3
2245 4
7423 4
8901 1
6719 2
3347 3
5863 1
7356 1
12017 3
256 1
11226 4
8637 4
7313 1
5826 1
1458 3
6356 1
10979 1
4020 1
1646 1
2182 2
5800 2
6787 1
3575 1
12115 4
11324 3
10263 4
7599 3
8199 2
10283 1
5981 3
3595 4
11674 2
1928 1
6767 4
4411 4
10617 1
6665 3
3840 3
2907 4
11283 1
5399 1
2689 1
2101 4
8243 1
4187 3
9018 3
3497 3
1465 3
11142 1
5058 1
2548 1
11901 1
3713 3
5795 4
5489 1
11107 1
8182 1
5301 4
6973 3
1420 3
934 4
4489 1
6871 4
8575 2
12128 4
10901 1
9984 1
12234 1
5697 3
8708 3
9553 1
5246 3
9182 1
10107 1
3611 4
12271 1
10944 1
7130 3
2756 3
10536 4
11471 3
6097 1
8025 3
8258 2
9964 4
2206 2
389 3
8921 4
8162 4
3838 3
5730 1
2220 1
60 4
6460 2
1799 3
5469 4
1348 3
10434 3
6658 3
2265 1
11692 1
5788 1
8617 1
2298 1
8999 4
5806 4
11243 1
5359 1
10018 3
6009 2
8652 1
10265 2
2510 4
4904 3
929 1
8283 1
7829 1
11206 1
12135 1
8674 2
5102 3
10243 1
3298 1
8631 2
5904 3
6376 4
3510 4
10959 4
4000 4
6829 1
5147 3
5596 3
2086 3
109 2
1686 1
12190 4
624 2
6747 1
11770 3
2593 2
9226 4
7761 2
9979 1
6702 1
4768 4
4474 1
1212 1
2121 1
7747 1
11637 4
2962 1
8263 4
3901 2
1234 2
7396 1
7702 1
2278 4
1049 3
602 1
11672 4
5768 4
2927 1
6761 2
12092 3
10493 4
7151 2
3385 1
12334 4
4244 1
6971 1
7957 2
6177 1
4201 1
2448 4
8884 4
2754 1
6369 3
9769 2
7971 1
5695 1
2385 1
1441 2
2711 1
7177 1
5201 1
10140 3
3772 2
10591 3
10378 2
6893 3
1952 3
4777 3
11436 1
7991 4
8027 1
1585 3
8864 1
7503 4
9807 2
10882 2
1154 3
9821 1
3079 1
8807 2
4569 1
4675 4
9864 1
4145 1
1723 1
12329 1
4906 1
7068 3
350 2
3084 1
5126 2
7250 2
4594 1
10306 4
1766 1
11079 2
2084 1
3436 2
11343 4
12172 3
5906 1
2882 1
7929 4
2410 1
3166 3
1255 3
4433 3
5574 4
11772 1
2378 1
8879 4
8326 1
7538 2
1786 4
1357 4
4531 4
3862 4
11385 2
10772 1
4668 1
2123 3
12404 1
7700 2
9247 4
9918 1
6763 1
8138 2
10287 4
4081 1
8345 3
645 2
3140 1
3903 1
1236 1
10656 4
7394 2
2946 1
5415 1
1028 3
663 1
10385 3
4476 2
7726 1
5450 1
2903 1
3123 2
8202 4
0 3
10204 2
4965 3
2571 4
11267 1
5061 4
1740 3
683 4
10690 2
252 4
4163 3
5024 4
8650 2
5965 3
10267 1
8468 3
1989 1
11690 2
5920 3
8615 2
12248 4
12154 1
3628 1
4338 1
5163 3
1293 4
9676 1
993 2
4714 1
1931 1
501 2
8001 3
7095 2
8495 3
11410 3
3690 1
7444 2
4380 1
8905 4
11980 4
1111 2
3267 2
562 1
5714 1
7462 1
9239 2
4998 3
5380 1
9044 3
5751 1
11166 1
7016 4
955 4
3737 3
12273 2
1404 3
910 4
11960 1
12236 2
9986 2
480 3
6855 4
812 3
10925 1
11903 2
9577 1
4325 4
10960 1
12149 4
11591 2
11713 1
5609 1
10548 3
3593 3
8347 1
4083 3
12406 2
3944 3
1271 3
5550 4
3107 3
1498 2
10713 1
9796 1
4181 4
9302 1
10387 1
3803 4
5417 3
2107 3
4161 1
6948 4
10367 4
12011 4
10838 1
6217 1
374 2
1742 1
4124 1
6252 1
4967 1
6683 1
2 1
2457 2
1764 2
4941 2
6274 2
9674 3
5161 1
7948 4
10220 3
317 1
12156 3
3880 2
7217 1
11838 1
5922 1
783 1
5124 1
4596 2
4382 3
8046 1
11880 1
10471 2
4753 3
1135 3
5614 4
11412 1
5280 4
9258 3
2790 4
7527 4
2341 4
1170 3
9689 3
9823 2
427 4
7425 3
6562 4
1072 4
4614 4
10412 1
9046 1
11298 3
5382 3
2838 2
9805 1
10880 1
8689 3
9003 1
758 2
11434 2
9432 4
2713 2
11319 2
6116 1
10066 4
6955 1
6153 1
3429 4
10860 4
2387 2
7116 1
12257 3
855 1
10962 3
10121 3
5260 1
6936 2
4203 2
12212 3
810 1
11860 4
11023 4
5139 4
1618 3
482 1
11776 4
888 4
10409 2
12196 3
3003 2
2866 1
743 1
2025 1
3805 2
4556 2
1316 1
4570 1
10776 4
12400 4
3060 1
9838 1
518 3
4535 1
1353 1
10733 4
3339 4
12445 4
3025 1
10302 1
9387 1
4104 4
11159 3
5043 3
12074 1
5492 3
4141 4
4902 4
6237 4
3451 4
12031 1
5845 3
8770 2
2516 3
8548 3
10796 1
10159 3
4043 3
8387 1
7272 4
2708 1
4800 3
10324 2
8713 1
7968 1
5141 4
337 4
9199 3
5902 4
1837 2
2361 1
11477 4
5671 1
9121 3
8066 4
1031 2
9962 3
9319 2
10575 3
442 1
5634 1
1017 1
9023 4
464 2
8927 3
23 3
7719 3
1811 1
6542 1
3038 4
1052 1
2796 2
9066 4
7521 2
8121 3
12395 4
6193 1
9457 1
3409 1
12069 4
11258 3
6930 4
10003 1
4119 1
9880 1
932 3
10046 1
5307 3
9434 2
2409 1
11003 1
8457 1
875 4
1388 2
6698 2
11046 1
6249 2
8079 3
7290 3
11615 2
7641 3
8241 2
1949 1
5537 3
12288 4
11281 2
11468 3
10633 1
3966 4
7706 4
606 4
4537 3
2923 4
8222 1
7888 1
79 4
10615 2
6290 3
988 1
6604 3
7743 4
11633 1
5729 1
8267 1
4824 2
3577 2
8656 4
7372 1
5847 1
12033 3
9529 2
1439 3
8287 4
11696 4
5490 1
2180 1
99 1
7337 1
237 1
10300 3
12174 4
4847 1
12268 1
1662 1
3986 1
7311 2
2577 2
6337 1
3551 1
10918 1
4802 1
1627 1
4041 1
4490 1
11138 2
440 3
3261 4
8140 2
2326 3
7191 3
9123 1
4428 1
405 3
7505 3
3138 1
12189 4
9925 1
9166 1
7997 3
1268 2
64 1
8123 1
11577 1
9903 2
4636 3
507 4
6540 3
9140 2
8166 1
542 4
7442 4
9105 2
1992 2
9882 3
12332 3
2509 4
11940 4
3676 2
11146 4
5791 1
11597 4
8410 3
1563 1
12169 1
6073 1
3509 4
1526 1
6036 1
12230 4
4386 3
8801 1
3247 3
9021 2
8493 1
11082 1
8007 1
5284 4
2345 4
6464 3
423 4
6566 4
8021 2
4610 4
7619 2
9801 1
2696 3
7464 3
8064 2
3059 1
4655 4
1033 4
10453 1
4549 1
9007 1
4198 1
9844 1
698 3
6112 1
3468 4
11966 3
4178 4
4264 1
249 3
8534 3
11923 3
5839 3
3731 1
12351 4
4221 1
851 1
2468 4
8436 4
9571 3
2731 1
814 1
11027 4
5221 1
486 1
4242 2
2842 4
5983 4
10774 2
12402 2
8343 1
722 4
10509 3
7622 4
2789 1
2495 4
8306 1
2597 3
9343 1
7518 2
8118 3
1377 4
5456 3
6667 4
12461 1
9306 1
2940 3
10752 1
4648 1
665 3
3807 4
3358 1
12424 1
11224 3
12015 4
6213 1
7499 3
9737 4
7270 2
8670 3
2416 2
1746 1
4120 1
10879 1
5592 2
6 1
7235 2
5165 1
1725 2
7687 1
4900 2
9635 3
5120 1
11326 4
11879 1
11451 3
10516 4
4710 1
6466 1
3200 1
505 2
4449 4
7678 3
5736 2
4384 1
10669 2
11516 4
8593 4
5710 1
7466 1
4736 2
9040 3
523 1
10414 3
11553 4
5755 1
2159 4
10942 2
4266 3
7814 4
5321 4
7486 4
10144 2
1892 3
9728 3
7584 3
6851 4
12108 4
7155 3
11144 2
9573 1
7328 2
6814 4
10127 1
5266 3
10964 1
9243 4
5472 2
2921 2
10999 1
4883 1
3101 1
3942 1
1277 1
4399 4
9959 1
3144 1
290 2
7390 2
1232 1
479 3
10750 3
5411 1
2942 1
5883 1
5454 1
11652 4
5748 4
1069 3
6390 2
5085 1
8959 1
12176 2
1395 3
6685 3
2669 1
6254 3
213 4
1744 3
10038 3
4122 3
11263 1
687 4
7787 4
3477 3
909 1
11979 4
7809 1
4826 4
6313 4
354 3
4379 1
4065 4
11038 3
5122 3
5167 3
6809 1
11245 2
7544 3
1950 4
9127 1
4730 4
401 3
3220 4
11555 2
9162 1
8964 1
10728 3
1054 3
2179 1
1817 3
3322 3
7097 4
25 1
177 1
11944 4
10803 3
4919 3
12336 3
4362 2
9414 3
9080 3
10005 3
2285 1
11593 4
6051 2
7857 2
957 2
11491 3
4301 1
1567 1
8886 3
11803 3
6077 1
3285 1
10593 4
9516 4
8080 3
1522 1
4344 1
3654 1
7269 3
394 3
8694 2
3278 1
10672 1
3927 4
9263 1
8200 2
3121 4
3962 4
4431 4
2825 3
5576 3
9245 2
4533 3
8226 1
1310 3
3825 3
2982 1
10790 3
4063 2
7376 1
5000 1
6350 2
2184 1
9568 2
233 1
5045 1
3982 1
3649 4
4806 1
6333 1
3555 1
1623 1
4045 1
7781 2
10692 4
4494 1
8750 3
12293 3
2079 4
11473 4
5569 4
6525 2
4653 2
7546 1
2320 1
5630 1
1850 1
12419 1
3365 1
289 3
6991 1
8923 3
460 2
2938 3
10436 4
4630 1
7525 2
1487 1
12391 4
425 2
6197 1
5653 2
9453 1
5797 3
10844 1
12371 1
3711 4
6934 4
10007 1
9082 1
5346 3
11862 2
5978 2
4589 1
4695 4
3099 1
3448 1
9884 1
10801 1
7075 3
11219 3
7836 3
10042 1
4158 1
834 4
9430 2
4346 3
11007 1
9608 3
8453 1
871 4
3613 3
6836 3
8416 1
4978 2
10021 2
2099 1
1149 3
4985 2
6459 3
2064 1
7602 1
6088 3
9488 2
9261 3
3007 2
10670 3
747 1
2862 1
11737 4
7647 1
7296 1
9224 3
2007 2
4574 1
3064 1
2801 2
11448 2
6296 1
12441 4
3021 1
5047 3
6929 1
10859 4
7109 2
9752 1
4259 1
9899 4
6233 4
3749 1
10792 1
8383 1
5100 4
376 4
6331 3
829 1
11859 4
10320 2
11792 1
5259 1
5145 4
7233 4
2749 1
6374 3
4804 2
7783 1
12013 3
5867 1
3186 2
4841 2
8633 4
12487 3
7848 4
3534 1
8509 2
10222 4
7331 2
6317 1
3571 1
6848 4
1607 1
274 2
9202 1
3591 4
5985 3
1969 1
5517 3
4415 4
724 3
1598 2
6661 3
4517 3
1371 3
5081 4
9059 3
2219 1
5709 1
8696 1
153 1
1718 3
10064 3
7053 1
7855 1
116 1
10862 3
10219 2
8532 4
6075 2
1192 1
8430 3
6810 1
1543 1
11064 3
11827 3
7208 3
6053 1
2613 2
8475 3
1506 1
4360 1
6016 1
1137 4
5616 3
7389 2
1974 4
9103 1
10186 1
62 2
10512 1
3118 1
9146 1
527 4
9923 2
6389 2
4616 3
11557 1
2241 4
10398 3
8597 1
11512 1
9125 2
2118 1
11179 3
4238 1
3728 1
12348 4
12485 1
250 3
5026 3
7350 3
4922 4
1889 1
7683 4
352 4
4820 3
5967 4
7252 4
2434 4
9381 2
12072 2
6168 2
8733 1
4865 3
6294 2
2040 1
2491 1
11387 4
763 1
7663 1
5987 1
8818 1
3066 2
9200 3
10285 3
3491 1
11611 3
6626 1
3040 1
9818 1
4987 1
2066 2
4609 4
4515 1
6663 1
3319 4
11040 2
6582 4
7014 3
3735 4
10023 1
4139 1
1443 4
11846 2
580 3
1894 4
7480 3
3770 4
10825 1
912 3
1406 4
2735 4
2429 1
1504 3
5225 4
10040 2
1996 3
2770 4
11825 1
11066 1
8432 1
12373 2
6480 3
11086 4
10982 3
4898 3
1485 2
5651 1
11457 4
1852 2
1011 2
7562 1
2304 1
1229 3
6527 1
3341 1
1874 1
1037 1
7195 2
4280 1
2322 2
8144 3
11728 2
3790 1
12478 1
8339 2
639 3
893 2
7501 2
10347 4
10818 1
785 2
3080 1
4590 1
129 3
1762 1
6272 1
3414 1
3708 4
7029 3
2477 2
8611 3
3886 1
9756 4
2080 1
4961 2
5590 1
9285 3
4167 2
2886 1
8756 4
6211 2
9611 3
11302 4
5218 4
5104 1
372 1
10245 3
1539 3
12133 3
5947 1
1214 3
11733 1
2339 1
7643 4
8838 4
8367 1
5570 4
706 4
3127 3
7988 1
8322 1
9179 3
12388 4
1782 4
4629 1
2162 3
6643 4
8179 3
6988 1
9322 1
3823 4
1849 1
2127 3
2999 3
10497 4
3381 1
12330 4
4240 1
1426 1
2776 2
12375 4
10840 4
6173 1
1463 1
4205 1
12277 3
2750 1
5240 1
8412 4
5691 1
6916 2
10339 2
1445 2
2381 1
11840 4
7173 1
830 1
9982 3
1638 3
7930 1
6953 2
8825 1
6405 3
10080 2
1956 3
2038 1
11432 1
6678 2
1913 3
6440 3
407 4
7405 3
8846 2
9825 1
12089 4
3361 4
6507 4
10477 1
4671 4
6995 4
191 3
778 2
9860 1
12152 2
968 1
6499 2
2986 4
3453 3
8099 3
9613 1
7048 2
8448 3
148 2
3514 4
4004 4
9287 1
11488 3
2905 2
6743 1
3125 1
4435 1
11774 3
2103 2
9222 4
3160 1
6706 1
2239 4
4087 2
643 1
3597 2
2966 1
5435 1
292 1
6720 2
7392 1
2160 1
3103 2
12096 3
1275 2
136 4
3717 3
975 4
7036 4
8980 1
1659 2
2281 4
12253 2
1424 3
5019 1
5305 4
7830 4
3752 3
10789 3
4693 3
4839 2
9512 1
5207 3
8398 3
10146 1
832 3
9557 1
10103 1
9186 1
6830 4
11358 3
10940 1
877 3
10532 4
6442 1
3224 1
5386 2
6093 1
8862 3
2247 2
1583 1
1117 1
11430 3
6407 1
9960 4
7093 1
21 4
193 1
5734 1
5428 4
9219 2
2138 4
10608 2
4712 2
1937 2
7895 1
10430 3
5771 1
1954 3
7540 4
2879 1
10416 2
9493 2
897 4
1911 3
10884 2
1152 3
11475 1
3326 4
2261 3
1050 4
9378 4
6191 4
9827 1
995 3
5549 2
2224 3
6619 1
1856 4
1309 1
10475 1
6997 4
9862 1
3383 1
7914 2
6134 1
10358 1
8512 3
2774 2
7951 2
84 3
11905 3
10842 4
10001 4
1461 1
1096 2
2752 1
7134 1
8882 4
5242 1
7977 1
6586 2
4019 3
11789 1
5693 1
6157 2
2383 1
7171 1
2717 1
11842 4
5958 4
10905 3
1890 2
8084 4
8749 1
1216 3
4470 3
2027 4
10383 2
4299 2
390 4
5572 4
1253 3
9938 3
6392 3
9792 2
5648 2
9365 1
10731 1
3864 4
5470 3
11383 2
5299 2
8792 2
9320 1
1008 1
3821 4
4143 1
10345 4
11202 3
6129 4
6235 1
3082 1
9711 4
10488 1
4592 1
7868 3
9099 1
1760 1
12076 4
6270 1
313 2
8613 3
3884 1
9448 1
2082 1
9656 3
10202 3
4318 3
5143 1
1397 2
3608 3
4165 2
2884 1
10696 3
11300 4
370 1
6868 3
5945 1
10530 4
3226 1
5384 2
6091 1
8860 3
8023 3
1581 1
1115 1
4773 1
6897 1
7091 1
8278 1
2979 4
3694 2
7440 1
66 4
7897 1
4528 3
11669 1
5773 1
2263 1
7877 4
228 1
2283 4
8510 1
6975 3
11942 1
5858 1
7071 4
3750 3
4078 2
9510 1
10689 4
4793 4
10258 4
12232 1
10907 1
3652 4
2715 3
5078 2
11921 2
10101 1
9184 1
7975 3
7136 3
4858 1
6071 4
622 2
6741 1
4437 1
7767 2
9220 4
667 2
6704 1
3162 1
3921 1
10568 1
4472 1
7741 1
4085 2
2964 1
6722 2
8265 4
4454 2
604 1
12094 3
12368 3
2984 4
8654 1
3669 2
9637 2
8285 1
1727 3
8672 2
2414 3
6335 4
3553 4
6029 1
10694 1
3516 4
2451 3
4006 4
1660 4
9654 1
5379 2
10649 4
10555 1
6739 1
3243 4
6425 4
9942 1
9101 1
10184 1
10298 4
10510 1
3959 1
9595 1
3206 4
1933 4
8127 2
9144 1
8942 1
11184 1
8101 1
12291 2
2243 4
3304 3
4469 2
3179 2
2959 1
8595 1
11510 1
4651 3
151 1
5327 1
7812 1
2637 1
11962 4
5878 4
4795 2
6032 2
8669 1
11278 1
5362 1
6834 2
9477 3
7871 2
9669 1
1190 1
2654 2
6812 1
3637 1
4878 4
7077 2
8477 3
9530 4
10164 4
10278 1
6014 1
10199 4
6438 1
2005 3
2846 3
5515 3
10654 1
1128 1
4452 4
5181 3
7626 3
726 3
10611 1
9588 4
2142 4
7438 1
11548 4
5452 4
538 1
11285 1
10637 2
4550 3
1336 3
8588 4
8245 1
9733 3
681 1
2536 1
5865 1
3184 2
9776 3
1666 2
7009 4
5820 1
7315 1
5063 1
848 3
3536 1
1640 1
4026 1
2555 2
2728 3
6315 1
10179 1
9631 4
11959 2
276 2
3320 2
1815 2
11084 4
8842 4
10980 3
9597 3
8044 4
1013 2
9940 3
2306 1
7560 1
8789 1
10557 3
10749 1
1035 1
5408 3
7197 2
4282 1
10084 4
1833 1
3859 4
1070 1
891 2
9789 1
8103 3
8940 3
5675 2
11042 2
6580 4
11493 2
5589 2
12357 1
5360 3
582 3
1896 4
10827 1
6208 1
7810 3
3670 3
7912 4
11021 1
8769 4
3635 3
7114 4
5262 4
308 1
5552 1
11754 4
438 4
10613 3
9696 3
2042 1
2493 1
8300 4
6647 2
761 1
11711 4
7661 1
6602 2
8059 1
3493 1
5531 2
8247 3
10099 1
4183 1
10448 1
3801 1
10754 4
6538 4
3042 1
6624 1
702 2
11287 3
3844 1
10711 4
2398 2
217 3
4126 4
8717 2
5688 2
11938 3
5822 3
1391 4
9774 1
10365 1
1419 1
2534 3
7352 3
8752 2
4920 4
6109 1
7681 4
11320 1
4061 3
10938 3
12070 2
8731 1
1642 3
11365 1
4867 3
9717 3
4822 2
4688 3
3398 3
12035 3
5841 1
7374 1
5002 1
10343 3
6352 2
2186 1
4024 2
2557 1
5804 1
6783 2
9383 3
231 1
6068 4
4002 1
7317 2
3980 1
4047 1
11306 3
9509 1
396 3
11613 2
2021 3
11656 2
6745 4
10529 4
10635 1
2827 3
2166 4
5476 4
11670 1
8224 1
3219 2
4709 2
7459 1
1312 3
3827 3
559 1
11635 1
294 4
188 1
8261 1
7088 1
9879 3
1994 2
175 1
8180 4
11946 4
936 1
9416 3
8551 4
7873 1
130 1
6482 2
5819 4
2656 1
8608 1
2670 2
1565 1
4303 1
5158 3
11801 3
3287 1
5325 2
2635 2
7482 2
8082 3
6873 1
1520 1
10903 4
6030 1
11844 3
10571 1
3938 1
446 3
8146 2
9966 1
44 2
403 3
1248 1
10534 1
4732 4
6444 4
3222 4
11186 2
2365 3
9160 1
8966 1
4408 2
7893 4
8125 1
1056 3
9905 2
11571 1
5777 4
6546 3
27 1
8160 1
195 4
11628 4
544 4
658 1
6503 3
2222 4
4102 4
10304 1
7333 3
11367 2
5494 3
9750 1
10341 1
8776 2
5843 3
12037 1
3457 4
6231 4
11322 2
5238 2
9409 4
8381 1
9999 3
12229 3
10322 2
12054 2
11790 1
8409 4
4843 3
1908 3
7600 1
3846 2
1373 2
3005 2
745 1
2860 1
11429 1
5533 1
2023 1
7188 4
7294 1
8361 4
9038 1
9324 4
4576 1
6600 1
2803 2
1784 1
10735 4
1355 1
10429 1
6645 1
3023 1
9451 1
7032 3
6175 4
10846 1
6269 1
971 3
1779 1
132 3
5344 3
9708 4
10491 1
2611 3
7834 3
4246 4
7175 4
836 4
369 1
11005 1
7936 4
12310 2
5919 1
8414 1
12355 2
1831 2
9921 3
5632 1
10573 3
3367 1
6501 1
4677 1
11536 3
9339 1
6993 1
462 2
6544 1
11573 3
6195 1
12393 4
4924 1
9429 1
12483 4
7237 2
11818 2
9672 3
4947 2
8735 4
311 1
10226 3
11361 4
7211 1
12150 3
7254 1
3907 3
765 4
11715 1
8790 1
2003 4
8341 1
5556 4
11750 1
720 4
9367 2
8304 1
11381 1
2595 3
2144 3
7722 3
18 3
5629 2
11999 3
9304 1
12426 1
3046 4
8573 3
5205 2
12316 4
6110 1
11127 3
1400 1
6584 1
2568 3
3733 1
1759 4
12251 3
853 1
11823 4
5939 4
7110 1
7953 1
3715 2
2733 1
12214 3
4691 2
10921 3
349 4
10162 3
11339 1
5223 1
484 1
6136 2
8040 1
11886 1
6423 3
11414 1
8319 4
11080 1
10432 2
421 4
1368 1
9491 1
1074 4
9803 1
2694 3
2200 3
6521 4
566 3
3818 1
10451 1
4657 4
5528 2
9846 1
8529 4
6256 3
211 4
12131 2
10247 2
12309 3
3475 3
7354 4
2532 4
5963 3
7256 3
2430 3
10261 1
2608 2
5318 2
6048 1
2475 3
7213 3
1558 1
11247 2
4881 1
2358 3
6765 1
1169 4
9690 4
3940 1
4413 1
11752 3
2125 2
9118 1
8938 2
1230 1
4456 1
3905 1
11509 1
5413 1
5881 1
3789 3
3923 2
1828 3
1682 2
2146 1
620 1
5087 1
8204 4
11160 1
1447 3
6914 3
953 4
7010 4
8628 4
12275 2
6951 3
11125 1
7349 1
3774 3
10597 2
7798 1
9980 2
8571 1
8186 2
11103 2
9534 1
4366 4
10923 1
8557 2
6798 1
10125 1
4323 4
3633 4
10966 1
11453 3
3202 1
2488 3
7407 2
5198 3
1131 1
6421 1
1972 1
8042 3
4771 2
11608 1
5712 1
564 1
6895 2
2202 1
4734 2
8219 1
521 1
5757 1
11590 3
1466 1
4200 1
10006 4
83 3
12370 4
3710 1
5226 2
8550 3
4694 1
7581 2
9885 4
6133 1
1897 2
5200 1
2710 1
7176 1
10379 2
6956 2
7970 1
1678 3
9768 2
1091 2
11800 4
2384 1
3736 2
10411 2
7990 4
11472 1
2364 4
2078 1
3223 3
1328 2
7196 4
11437 1
4776 3
6400 3
9000 2
10472 1
2223 3
12418 4
3078 1
8494 2
9026 1
5776 3
3321 4
1486 4
6277 1
3411 1
10858 1
1767 1
4101 1
3883 1
9753 4
12328 1
780 2
9898 1
4144 1
1722 1
10793 4
3085 1
2883 1
10691 3
4921 2
7277 1
7928 4
5101 1
377 1
4964 2
9651 3
5595 1
2085 1
5907 1
1390 2
6069 3
332 1
6680 2
5144 1
2379 1
11773 1
5669 1
3961 3
10528 3
703 4
8327 1
6395 3
8878 4
6701 3
3924 3
12423 2
8362 1
295 3
9327 1
9878 4
8795 2
10773 1
9362 1
11384 2
1809 1
12440 1
1356 4
10736 1
935 4
176 4
6972 3
11106 1
5300 4
7835 4
3712 3
11900 1
2549 1
81 1
11143 1
5345 4
11592 1
2198 1
9552 1
6076 4
10945 1
10106 1
9183 1
4794 4
10592 1
4488 1
11120 2
12129 4
9985 1
10143 1
6870 4
3178 4
1951 1
3264 1
6402 1
1112 1
11435 3
7461 2
8822 3
6447 1
11470 3
2693 2
1586 1
6096 1
11648 2
1932 2
7890 1
6288 3
990 1
2264 1
1349 3
502 1
5774 1
1134 2
7096 1
2221 1
5731 1
11537 4
547 1
8653 1
12112 2
9408 3
7828 1
277 4
928 1
2511 4
2299 1
8616 1
5789 1
10019 3
11242 1
5358 1
8998 4
7332 4
9282 1
10958 4
3511 4
2456 3
5597 3
7008 2
8408 3
1622 4
4358 1
9998 4
4807 4
3299 1
9616 1
9978 1
8360 3
4475 1
1213 1
6703 1
8158 2
11549 2
5453 2
12191 4
1687 1
7725 2
10636 4
4430 1
6746 1
2926 1
603 1
4884 2
12093 3
6760 2
646 1
2963 1
7746 1
10549 2
950 1
2675 1
5079 4
10024 3
8537 4
3616 2
1560 2
6699 3
6833 2
11965 4
156 1
8572 4
7487 1
2616 2
7070 2
933 2
5306 2
6013 1
4365 1
10163 4
4079 4
7876 2
6487 1
4320 1
1934 4
67 2
10517 1
10985 1
618 2
10552 1
1132 4
4754 4
11709 3
5613 3
9106 1
10183 1
11531 2
9945 1
8143 1
6718 2
1873 3
8592 1
11517 1
9963 2
5099 1
8106 1
2589 1
8945 1
41 1
9926 2
9771 3
4844 2
8636 4
5064 1
7312 1
12053 3
7786 1
3552 2
5021 1
10360 3
7357 1
4378 4
3574 1
4827 1
12114 4
498 3
2517 2
2183 2
4021 1
1647 1
10978 1
4862 1
3531 1
6786 1
5186 3
4410 4
3943 4
5980 3
9207 1
2841 3
3259 1
19 4
10675 2
11653 1
5749 1
12197 2
7723 4
2688 1
5398 1
8085 2
11843 2
5959 2
10063 1
154 3
10820 1
2632 3
6587 4
9472 1
8883 2
6915 4
5367 3
2677 3
7011 3
952 3
3898 2
11026 1
7915 4
11865 1
3677 3
7587 4
487 4
8472 1
1014 2
10181 3
6504 2
467 1
3919 3
2795 1
9902 3
6190 2
422 1
5548 4
7522 1
4611 1
9492 4
7996 2
404 2
8104 3
679 3
1032 1
12438 1
6522 1
3344 1
5637 2
8902 3
441 2
3795 1
9006 4
8755 2
255 3
10362 1
4278 1
5023 3
3431 4
2576 3
10327 1
8528 3
9773 1
5927 4
9755 2
4023 3
5164 4
5278 1
8773 1
6128 2
6310 3
9710 2
5962 4
4066 3
5510 1
10280 3
8342 4
5982 1
3820 2
2045 1
5555 1
3865 2
2788 4
2494 1
11280 3
5573 2
705 2
1376 1
11651 3
2026 2
7640 2
10382 4
6623 1
8078 2
7291 2
11614 3
1333 1
4555 1
578 3
6393 4
9266 1
10632 1
4728 1
1252 4
2063 3
6742 4
3238 1
7478 2
6889 1
4471 4
1948 1
11632 1
2238 1
3063 3
2922 4
2161 4
7707 4
6291 3
9691 2
78 4
8223 1
2181 1
4860 2
11697 4
5491 1
236 1
2550 1
98 1
11919 1
5803 1
5005 1
273 1
9528 2
2515 1
1626 1
4040 1
11301 3
12130 4
3550 1
684 2
9612 4
10697 4
4491 1
11344 3
1663 1
3987 1
3139 1
8947 2
4429 1
12188 4
2327 3
6406 4
9122 1
20 1
9104 2
7443 4
2225 4
5429 1
4672 3
1269 2
3327 3
11576 1
4959 3
7037 1
8981 4
5341 1
5790 1
6054 2
1544 2
2614 1
11941 4
2508 4
6229 3
931 1
9883 3
172 1
11102 4
7831 1
1501 2
7054 2
8454 3
4790 1
3280 1
6037 1
1527 1
4341 1
9556 4
7229 3
12168 1
3508 4
4018 4
4304 1
1562 1
7642 1
2024 1
742 1
2867 1
9221 3
8366 4
4557 2
3804 2
2061 1
5571 1
2822 1
4980 2
3002 2
12389 1
9839 1
3024 1
6642 1
1352 1
11675 3
7664 2
764 2
12401 4
3061 1
4571 1
12030 1
9712 1
8549 3
3709 1
12075 1
2552 3
5042 3
10303 1
11589 3
5493 3
11360 2
11797 1
2081 4
7969 1
5140 4
7273 4
5946 4
8386 1
5105 4
373 4
1030 2
7192 1
3346 2
11433 4
5635 1
3797 2
7543 1
12296 3
1836 2
6565 2
10531 3
5670 1
2360 1
11574 3
10433 4
4529 4
3325 1
12459 1
6543 1
9824 4
12394 4
6192 1
8120 3
1482 1
6506 1
3360 1
6994 1
8165 3
3380 4
348 2
7248 2
7699 2
6974 4
10047 1
799 2
9881 1
10804 1
8470 2
9456 1
5938 2
4204 4
10002 1
9087 1
7035 3
12374 1
976 3
6172 4
9299 3
1389 2
8881 1
6248 2
4343 3
11002 1
5118 1
11841 1
2714 4
9435 2
3282 3
4792 3
7627 4
12442 2
6558 2
4453 3
11712 1
5608 1
5514 4
4082 3
8346 1
3592 3
10771 2
9303 1
1868 1
7760 3
1337 4
9346 1
2592 3
9797 1
10712 1
3847 4
3435 1
4239 4
12484 4
12010 4
3470 1
4923 1
4160 1
8675 3
375 2
1888 4
6230 2
1720 2
2729 4
2435 1
7253 1
5125 1
3087 2
6275 2
4103 2
7216 1
3881 2
316 1
10221 3
5160 1
10435 2
9259 3
8002 1
11456 1
11881 1
5615 4
11413 1
463 4
6424 3
10456 1
7288 2
2207 3
8061 2
7659 2
10413 1
7424 3
9804 1
2839 2
872 2
9476 4
8531 3
10022 4
6911 1
1442 1
2386 2
8709 2
12048 1
6152 1
10861 4
3428 4
7937 2
5202 2
2712 2
3771 1
6117 1
11963 3
3386 2
10165 3
11022 4
5224 1
7152 1
2428 4
11861 4
6309 3
811 1
4879 3
854 1
7117 1
2771 1
10318 2
6937 2
8433 4
6174 2
3590 1
644 2
5432 2
7395 2
4451 1
1237 1
1968 4
4886 1
2167 2
11755 3
3218 4
6762 1
2902 1
5451 1
11657 4
4432 2
1029 3
2947 1
5886 1
1211 2
3167 2
11223 1
10205 2
216 4
11266 1
5060 4
11939 4
949 1
12155 1
3629 1
8614 2
6782 4
1292 4
10266 1
4060 4
5964 3
2437 3
11205 2
1988 1
9632 1
3240 1
1975 1
5999 3
11629 2
5733 2
8806 3
3205 1
3119 4
1173 1
9904 4
500 2
8843 3
10629 2
7426 1
5750 1
8147 4
1953 2
10085 3
11981 4
8904 4
6892 2
7463 1
2119 4
11961 1
2634 4
7052 4
9515 2
1405 3
152 4
5038 1
12237 2
8576 1
10141 2
954 4
6150 3
7017 4
2671 4
11167 1
4226 3
9181 2
9576 1
8987 2
7115 3
8515 2
1542 4
6811 4
4038 1
11379 3
481 3
813 3
3671 4
7913 3
10167 1
6581 1
6913 1
835 2
11122 3
6209 4
6115 1
3773 1
3384 2
11020 4
7150 1
10924 3
1423 2
9533 3
7956 1
5263 1
856 1
11826 4
2773 1
6935 2
8431 4
424 4
738 1
9820 2
4715 3
5652 4
7638 1
9063 2
4568 2
3691 3
11883 1
8359 4
8045 1
2858 1
1136 3
9865 2
10454 1
10748 4
8063 2
6524 4
9843 1
10399 4
3858 1
9494 1
1071 4
6561 4
1832 4
8026 2
10883 1
4999 1
9806 1
9359 4
9045 1
3437 1
6251 1
4127 1
9469 1
9775 4
1 1
3472 1
1418 4
10364 4
1704 1
10078 1
4162 1
11858 2
8469 1
4595 2
7251 1
6849 3
9677 3
2472 1
7214 1
314 1
11078 1
5162 1
7539 1
5553 4
4414 3
439 1
8301 1
5182 4
9919 3
760 4
2845 4
3379 2
4080 3
5984 4
9301 1
11736 2
6539 1
1335 4
10449 4
10755 1
662 3
9344 1
58 3
7727 3
12466 1
3845 4
9795 1
10710 1
5879 1
9517 2
913 4
12235 2
581 4
8668 4
1895 3
4059 2
3734 3
7015 4
7309 1
11926 1
11165 1
209 1
9574 1
8985 2
6481 4
5488 2
8517 2
6050 4
10963 1
1540 4
5261 3
9531 1
7911 3
1619 1
3242 1
1977 1
4752 1
5509 3
10185 4
4383 1
7447 2
3693 1
3207 1
4717 1
7402 2
9906 4
10983 4
8943 4
7738 4
2242 1
524 1
4509 3
5752 1
8259 1
11983 4
8688 1
8594 4
561 1
8569 4
1706 3
2537 4
6828 2
10207 2
108 1
214 4
11264 1
5821 4
9653 2
12157 1
4864 4
6780 4
9569 4
1604 4
1518 1
5966 3
6008 1
4821 4
9630 1
2120 2
9201 4
39 2
1235 1
6725 1
3143 1
2318 3
9158 1
1270 1
3106 1
2900 1
6397 2
539 4
3318 3
7439 4
3963 2
11198 1
5082 1
660 1
2945 1
5884 1
3926 2
3165 2
87 4
2653 1
11259 1
5343 1
4118 3
11594 4
11688 1
5792 1
6056 2
170 1
8299 1
7833 1
11100 4
3675 2
8648 1
1503 2
10688 1
5320 2
3653 1
6035 1
587 2
6876 1
10259 1
1525 1
1912 4
11183 2
9165 1
10574 1
443 3
9120 1
8279 4
3158 2
22 1
8926 1
1855 3
2978 1
5737 4
541 4
8963 1
1810 3
9143 2
6357 2
234 1
128 4
11244 4
11158 1
7334 1
5801 1
1602 2
4064 2
12208 2
6312 2
5007 1
271 1
5844 1
7371 1
4042 1
1624 1
5219 3
6334 1
12132 4
257 2
3183 1
10589 1
4493 1
9610 4
5862 2
9198 1
1661 1
869 3
3517 1
5827 2
9549 1
1681 4
2259 2
1250 4
10630 1
707 3
11282 2
8839 3
7293 3
1109 1
6419 1
3688 2
11630 1
10282 2
4398 2
2920 4
519 1
3867 3
605 4
7419 1
2163 4
9693 2
10616 2
8221 1
4692 4
9411 1
10494 1
10045 1
1425 4
6976 4
12333 1
10806 1
9748 4
9454 1
2469 2
9085 1
9399 4
6170 4
10843 1
12376 1
11045 1
5243 4
329 1
876 4
10026 2
5692 4
8411 1
10865 2
11000 1
5206 4
7933 4
2716 4
9437 2
12315 2
8748 4
2898 1
4654 2
8379 1
4285 2
896 1
6567 2
5672 1
2362 1
1812 1
8122 3
9379 1
1480 1
10768 1
3362 1
8924 3
5611 2
5846 3
12032 1
4901 4
10795 1
808 2
10489 4
7908 2
12077 1
3417 4
5040 3
4107 4
2768 2
11362 2
12051 2
8710 1
11795 1
6908 2
7128 1
5901 4
7234 4
4846 3
4005 3
334 4
8449 4
12014 2
4803 3
7271 4
8384 1
10677 3
740 1
9858 2
11730 4
2865 1
5536 1
9223 3
9078 1
7889 3
2806 2
12097 4
723 2
5184 2
6640 1
3026 1
1350 1
4536 1
8858 2
7666 2
2843 2
6605 1
12403 4
1009 4
10469 1
4573 1
4880 4
10614 1
1274 4
6764 4
6478 1
9205 1
10651 1
3904 4
4457 4
1231 4
2000 3
8691 1
2941 4
3045 3
8240 1
3843 3
3000 3
7721 4
2147 4
10898 3
5086 4
8205 1
12480 3
12269 2
6373 2
5066 1
11260 4
5825 1
7310 1
7784 1
9736 3
598 4
11139 1
3768 3
5860 1
1600 1
2987 2
3576 1
4825 1
9634 4
1645 1
6049 4
6355 1
3533 1
6784 1
7336 2
8736 3
9671 4
1188 4
1294 1
6779 1
6465 4
2344 3
8961 2
10515 1
9590 1
5285 3
9141 1
2301 3
3246 4
6420 4
9218 4
11533 2
3697 4
9947 1
8141 1
5713 4
11515 1
565 4
2246 4
3301 3
1834 3
12294 2
9924 2
1077 3
2919 1
5838 4
11161 4
7852 1
8629 1
3614 2
917 1
248 4
11238 1
7817 1
699 4
585 1
7072 2
9629 1
5304 2
6011 1
12217 4
6852 1
1195 1
8437 3
7874 2
6485 1
10967 4
6817 1
4322 1
11063 3
7578 4
2002 1
4749 3
11408 1
5512 1
3822 2
1317 2
1783 2
2047 1
721 1
8019 1
9242 3
4534 2
2496 1
9340 4
8207 3
3841 1
1374 1
10408 1
4512 1
8242 3
10380 4
4186 1
9019 1
3496 1
393 2
6621 1
1331 1
8757 2
3476 4
12016 1
1700 4
686 3
2709 2
6149 1
2574 3
1459 1
10325 1
1394 4
1088 1
6598 1
11346 2
1296 3
8734 1
9386 2
6969 2
7598 1
10797 2
5960 4
2433 4
7149 1
355 4
465 1
779 4
2303 1
7565 1
7679 4
2797 1
5287 1
12088 2
5656 1
7520 1
1369 4
1075 1
10709 1
2158 3
406 2
3819 4
11985 3
9318 1
4287 1
2408 2
10822 1
4938 1
12317 1
3777 4
2630 3
8456 2
11047 2
9470 1
1444 4
1758 1
5365 3
7850 3
7013 3
12352 1
10867 1
6154 4
3732 4
7952 4
11061 1
1546 3
8435 1
10841 2
1197 3
6850 3
7917 4
11867 1
817 4
9413 2
1991 3
12331 2
7601 4
11771 1
701 4
1256 3
8325 1
12464 2
4608 2
2022 4
7558 1
458 1
11734 1
9039 4
9325 1
6601 4
12407 1
5430 3
1311 4
9360 1
8978 3
11757 2
6189 1
7703 3
8303 2
3861 4
10428 4
5475 3
4940 1
10305 4
9380 4
2470 2
4905 1
4146 1
7682 2
4597 1
2881 1
6216 2
10839 2
12134 3
7275 1
2413 1
10242 3
4966 2
6253 2
11791 4
1743 2
4125 2
7230 1
5905 1
1392 2
12171 3
330 1
11340 4
8867 1
3019 2
7992 4
10881 2
2366 4
3221 3
388 1
759 1
4774 3
445 4
1010 4
10470 1
3839 1
8047 2
9867 1
196 3
2019 2
6659 1
6545 4
9822 1
1798 1
7954 2
4202 1
10847 4
8552 3
9709 1
4696 1
9415 4
7583 2
6131 1
3757 1
483 2
11945 3
368 4
8081 4
11318 1
7174 1
7268 4
10900 3
837 1
3549 3
1407 2
6954 2
3198 3
11041 4
7972 1
12499 2
1093 2
2757 1
7131 1
8887 4
5414 2
2104 2
9139 1
8919 2
627 2
12193 4
6089 4
1685 1
2141 2
1148 4
5080 2
6744 1
12091 3
3947 2
8139 1
3104 2
2961 1
11528 1
7744 1
12405 3
3141 2
8260 4
8651 1
8280 1
5003 4
169 1
4907 3
2513 4
4339 2
9280 1
1579 1
4840 4
3513 4
12173 1
8898 3
7849 2
10240 1
8677 2
2411 3
12136 1
5339 2
4497 4
3266 1
2205 2
5715 2
6445 1
1916 1
6759 4
5568 3
4733 1
1155 1
1584 1
6388 4
9922 4
6094 1
526 2
6463 2
8238 1
7892 1
8967 4
992 1
2266 1
7400 1
194 1
4750 2
8922 4
7094 1
4381 2
545 1
7368 1
7074 4
4245 3
268 1
6970 3
5302 4
7837 4
8181 1
11104 1
12211 2
6176 3
11141 1
131 4
12254 2
3528 2
10961 2
2286 4
9550 1
7133 3
8533 2
10947 1
12272 1
10104 1
2528 2
9987 1
10902 1
4818 1
1012 2
10187 3
461 1
11411 4
2307 1
4631 2
2793 1
11085 4
8000 4
6547 2
11454 4
11748 1
10513 3
7524 1
2342 1
890 2
8941 3
402 2
7502 2
8596 3
11513 3
4652 1
6638 4
5631 2
4283 1
583 3
4263 4
1719 1
5324 3
12313 1
10826 1
5159 2
9474 1
1440 4
117 3
10863 1
12356 1
309 1
1507 3
11863 1
2736 4
8768 4
3449 2
7660 1
8489 1
11710 4
10657 3
8344 4
8058 1
3065 2
7625 1
2043 1
1787 2
9697 3
10612 3
11449 1
2800 1
9246 3
11098 1
2065 2
7603 2
8203 3
4984 1
6660 1
10384 4
10098 1
4182 1
7646 2
8246 3
2020 2
3492 1
3043 1
6625 1
3800 1
11612 3
7297 2
6214 4
253 3
682 3
828 2
9730 1
5689 2
2570 3
12057 1
1741 4
2748 2
10307 2
6928 2
5921 4
11364 1
7680 4
10342 2
10939 3
4823 3
351 4
5127 4
7526 3
6461 4
1171 4
9688 4
9594 1
426 3
3958 1
10511 1
9145 1
5468 2
2791 3
6738 1
10648 4
10554 1
9100 1
10299 4
9943 1
8145 1
1036 3
5717 4
11511 1
2958 1
11185 1
11299 4
5383 4
6563 3
11554 1
956 1
11279 1
5363 1
6835 2
2636 1
7813 1
10067 3
150 1
8574 4
6033 2
9433 3
3655 2
7481 1
6015 1
10926 4
12213 4
4363 1
1191 1
9668 1
133 2
3636 1
12256 4
5794 2
10120 4
2490 3
2279 2
10610 1
727 3
9695 1
3945 4
9589 4
4416 4
10198 4
1129 1
3900 4
2004 3
7662 3
6439 1
11610 1
5416 4
8589 4
9227 2
2106 4
10673 2
4769 2
3490 3
8244 1
4180 3
3279 2
625 4
2143 4
11284 1
8201 1
8630 4
4842 2
5062 1
7314 1
2572 1
680 1
9732 3
11221 4
5864 1
4495 2
5239 3
4062 1
10264 4
3572 1
2983 2
11958 2
1641 1
3537 1
9675 4
5529 3
1208 4
6896 1
6441 1
3978 4
1151 1
11476 3
1580 1
9279 1
5754 2
7896 1
9067 3
3201 2
2262 1
7404 1
7718 4
5772 1
9022 3
190 1
7090 1
9861 3
2227 1
11943 1
5859 1
8554 1
10920 2
8983 1
229 1
6931 3
135 4
11145 1
12250 2
8511 1
2282 4
10126 2
9554 1
3998 1
9648 4
4859 1
6070 4
5241 3
7974 3
4306 4
9185 1
10100 1
10594 1
9511 1
11126 2
12233 1
6329 1
1639 1
10145 1
7931 3
1215 1
10569 1
6705 1
3163 1
889 3
8323 3
9264 4
9178 1
11777 3
4436 1
3126 1
10732 3
12444 3
12095 3
9366 3
1848 3
2126 1
8264 4
8178 1
6723 2
2985 4
8655 1
8284 1
11201 1
8198 4
10819 3
4903 3
3450 3
11695 1
9284 1
4007 4
2450 3
7236 3
11819 3
6371 4
3985 4
9655 1
10158 4
4801 4
6028 1
10695 1
11768 4
11474 1
4735 3
3225 3
7618 1
7504 4
7190 4
4548 2
1116 3
3489 2
2878 1
11431 1
7541 4
3260 3
1308 1
1857 4
9020 1
6996 4
4637 4
1051 4
10431 1
2489 2
8006 2
6541 4
994 3
9826 1
11596 3
7113 2
10000 4
6933 1
4206 1
1460 1
5220 2
3382 1
815 2
1739 4
10359 1
3753 1
12231 3
10904 3
4265 2
2753 1
11806 4
12274 3
2382 1
1446 2
4220 2
6156 2
3730 2
11788 1
11494 4
7605 4
3124 3
11469 4
2820 4
3922 3
1217 3
12425 2
391 4
10753 2
9321 1
11716 2
7742 3
1315 4
1781 4
5649 2
5298 2
5471 3
607 3
10730 1
6271 1
1761 1
9098 1
9384 4
10301 4
3885 1
7212 2
8612 3
312 2
6234 1
1724 1
10058 1
4142 1
1438 4
10344 4
4593 1
3083 1
357 2
5121 2
3474 2
2885 1
2417 1
5944 1
371 1
5107 1
9657 3
1747 2
4121 2
2083 1
12175 3
1396 2
11058 1
10246 2
149 1
4164 3
7355 4
2533 4
12308 3
4927 3
10203 2
7 3
210 4
10139 4
1559 1
11246 2
7869 2
6498 1
10260 1
12116 1
786 3
9119 1
4086 1
293 2
11382 3
9240 4
1168 4
10508 1
3102 1
621 1
10716 3
5457 1
2596 1
3967 2
9342 3
11508 1
4649 3
7764 1
2102 1
3788 3
5880 1
12009 3
11124 1
5322 4
1891 3
7799 1
7485 4
11922 1
111 4
1097 3
85 2
11147 2
3632 4
12252 1
8513 2
7950 3
10124 1
1658 1
10238 4
8187 2
1993 4
2730 3
4838 1
4367 4
1973 1
192 2
11417 3
10550 4
543 2
8800 3
5735 2
3203 1
1936 1
11083 3
7406 2
8845 3
506 2
10987 4
11181 4
8218 1
9043 3
1153 2
2697 1
43 4
11550 4
520 1
4199 3
11987 4
9845 3
4770 2
7779 4
7465 1
6894 2
11609 1
8590 4
5591 2
6255 1
4960 1
10039 1
11262 3
5378 3
12482 4
6684 1
4925 1
6210 1
8673 3
9734 4
8771 4
3081 2
11325 4
11039 1
8428 1
3415 2
7210 1
5166 1
310 1
7621 4
6766 3
2804 4
5557 4
11380 1
4628 2
9323 2
3145 3
8791 1
11714 1
4455 3
8340 1
10777 2
9305 1
11998 3
5628 2
2100 3
12427 1
3047 4
10751 1
2594 3
8958 3
6664 4
1068 1
623 3
2569 3
11920 3
5690 2
1893 1
831 2
9729 1
7172 2
6952 1
10061 4
6111 1
11024 4
4690 2
2732 1
4241 2
1427 2
3751 2
5267 1
11822 4
7111 1
852 1
8847 1
8318 4
11081 1
11450 1
420 4
6467 3
2346 4
11887 1
4385 3
8041 1
11415 1
3244 3
5711 3
10450 1
567 3
4656 4
6520 4
2201 3
9847 1
2039 2
10081 1
9004 1
9490 1
4613 4
7422 3
3303 4
2695 3
9802 1
9041 1
12036 1
3456 4
7377 3
8777 2
10340 1
9714 1
6169 1
3413 4
1765 4
1479 1
5495 3
7949 2
8714 1
3729 2
3983 3
2087 4
5146 4
4001 3
3185 3
5940 4
11019 4
5103 4
8380 1
11305 1
11428 1
2861 1
744 1
395 1
6627 2
3802 2
7189 4
2067 1
4986 2
5577 1
9262 3
8039 1
4514 2
2041 2
1499 4
6295 1
6644 1
3022 1
5180 2
11673 3
5769 3
1048 4
10734 4
1354 1
4532 1
2847 2
762 2
3067 1
4577 1
3824 1
11636 3
5986 2
10490 1
10041 1
4247 4
1421 4
2610 3
7076 3
10802 1
12337 1
11067 2
2284 3
9450 1
9081 1
1464 4
6268 1
7033 3
2655 3
1566 3
5247 4
11802 1
5918 1
12354 2
5696 4
11490 1
11004 1
11847 1
10824 2
7194 1
4650 2
1875 2
6526 2
9126 3
7545 1
9920 3
1073 2
8024 4
3305 2
5676 1
10729 1
2178 3
1816 1
3323 1
61 3
5650 2
12392 4
9061 4
2340 2
8126 3
3366 1
1853 1
8163 3
9024 4
6992 1
8508 1
11691 4
12249 2
11240 4
5805 1
2556 1
3399 3
6316 2
2981 1
4258 3
5840 1
7069 4
12034 3
7782 2
4046 1
3556 1
6330 1
4805 1
3187 1
5025 2
8753 3
2535 2
9614 4
11793 3
5823 2
9260 1
1599 1
5575 3
2826 3
1254 4
10634 1
6458 1
3122 4
8697 2
397 3
9225 1
4477 4
10671 1
11634 1
6603 3
2122 4
7089 1
189 1
4530 3
601 4
5477 4
2924 4
7701 4
3020 3
8225 1
11902 4
5818 4
2657 1
10845 3
6052 2
12335 3
937 1
11947 4
11218 1
6017 2
9417 3
4361 2
10590 4
4796 1
8452 3
7811 2
3286 1
3657 1
4347 1
1521 1
7483 2
8083 3
5588 3
8417 3
2098 3
6368 4
3612 1
8885 3
11187 2
45 2
9161 1
12292 1
10570 1
1110 4
9238 4
9124 1
9967 1
288 1
7388 1
7445 4
6502 3
4674 3
659 1
9941 2
6196 3
4409 2
63 1
11570 1
1057 3
10981 2
8820 4
1034 2
447 1
3939 3
7547 1
2321 1
8865 4
1698 3
5674 1
10437 4
11399 2
1814 1
12390 4
8124 3
11535 3
3364 1
1851 1
7759 3
5617 2
26 3
7561 2
8161 3
6990 1
3098 1
10492 1
4588 1
10043 1
4159 1
174 3
8474 2
10800 1
12029 4
3755 4
11065 2
5796 3
7209 2
8609 3
9452 1
9083 1
972 3
10218 3
1564 3
6837 3
5245 4
11043 1
2449 1
2755 4
870 4
6074 3
11492 1
5694 4
7935 4
11006 1
6031 3
9431 2
11845 1
10065 2
9609 3
5530 1
2863 1
746 1
4553 2
1370 2
4516 2
725 2
6297 1
6646 1
3863 1
7458 3
1313 1
4575 1
558 3
3826 1
4669 4
6232 4
3454 4
3748 1
275 3
9716 1
4689 1
4942 4
12071 1
9382 1
5046 3
5497 3
8716 1
10321 2
2399 1
6375 3
2454 4
7232 4
11342 1
5258 1
12486 2
1665 3
12012 2
6108 2
9508 3
5942 4
8382 1
11307 1
7500 3
1914 4
4731 4
1157 4
10537 1
47 2
9163 1
8338 3
638 2
12290 1
892 3
2323 3
11729 3
5633 3
10572 1
4468 1
6890 4
9965 1
9338 3
24 1
8920 1
1228 2
6500 3
4676 3
8965 1
11572 1
4633 3
12372 3
970 1
10004 3
1778 3
5059 4
7870 1
4326 2
8183 4
1997 2
5326 2
3284 1
1523 1
4345 1
115 2
3610 1
12270 4
4300 1
3120 4
1909 1
7397 4
8262 1
297 4
2165 4
8227 1
2185 1
11693 4
9751 3
5044 1
232 1
12073 3
1290 2
2648 4
5807 1
2554 1
6314 2
5001 1
11207 4
8282 4
5842 1
4044 1
3648 4
12228 1
6332 1
3554 1
7169 3
7351 2
10693 4
4789 4
1667 1
6377 1
1971 1
6422 1
8490 3
4448 4
4099 4
3589 4
3695 1
8802 3
9592 4
1177 1
4711 1
2819 3
9900 4
5385 1
6679 3
2244 1
11552 4
5448 4
522 1
6090 2
6404 2
1957 2
8900 4
7467 1
915 4
7056 4
7815 4
4267 3
1401 3
10906 2
113 4
11163 1
12276 2
1095 3
6585 3
11906 2
9572 1
10965 1
3630 4
6815 4
485 3
9537 1
7585 3
8185 2
7154 3
3569 1
12215 1
12109 4
11338 3
5222 3
5436 2
2965 2
9958 1
3594 1
4084 1
3906 1
1233 1
10653 4
7391 2
10998 1
4882 1
5473 2
7705 2
8305 3
11751 3
1276 1
1929 4
3100 1
6391 2
9791 3
5455 1
2906 1
2145 1
6578 3
6740 2
5084 1
2943 1
5410 1
11616 4
8693 4
666 1
7766 1
4473 2
5882 1
10244 2
4166 3
11227 1
7808 1
2531 4
11978 4
908 1
5 3
212 4
4123 3
3433 3
2668 1
6808 1
10227 1
5925 3
8610 2
2476 3
12151 1
9673 1
7028 2
10262 1
3668 1
7684 3
9636 1
784 3
3878 2
5199 1
5654 4
11452 1
10609 3
4713 3
9065 2
2058 1
11885 1
6618 2
4387 3
8043 1
9863 2
4756 3
8492 1
7567 4
8826 2
10452 1
3058 1
1871 4
2203 3
10083 1
10417 1
5756 3
8863 2
718 2
9800 1
10885 1
5387 3
7976 2
11359 2
12350 4
8399 2
833 2
7170 2
4179 4
6950 1
1403 1
11967 3
7348 3
3775 1
6113 1
3469 4
10788 2
10922 3
7156 1
4243 2
6135 2
5179 4
5265 1
2775 1
11820 4
850 1
6799 3
7623 4
2359 1
3941 3
11753 1
8307 1
3147 3
6721 3
8793 1
766 4
11898 4
4184 4
9307 1
4298 1
3494 4
8364 2
3359 1
3806 4
7519 2
8119 3
419 2
4982 4
11775 2
6666 4
1829 1
12460 1
8321 2
9793 1
4510 4
5593 2
6257 1
10878 1
4962 1
8634 3
6686 1
6212 1
7049 3
11225 3
1702 1
8671 3
7498 3
7686 1
11878 1
2431 1
7257 1
11327 4
12153 3
2474 1
10225 3
8657 1
8286 1
11203 1
5319 1
2609 1
7373 4
3452 3
9449 3
969 1
4944 3
4319 1
9286 1
5142 3
2452 3
3609 1
3515 4
11489 3
8098 3
6869 1
10919 4
6336 4
3181 4
5412 2
664 2
3161 1
6707 1
12195 4
9939 1
12289 1
2904 2
1683 1
4434 1
11677 4
12446 3
4412 2
989 4
9364 3
5728 4
5434 1
2967 1
3596 2
642 1
10775 3
6519 3
2124 1
8939 1
7393 1
8266 4
9535 2
5018 1
8556 1
10161 2
2651 4
11904 1
1289 2
9570 2
3716 3
974 4
137 4
6348 2
2280 4
6072 4
10941 1
7135 3
8535 2
9187 1
10102 1
6831 4
10596 1
9513 1
8570 2
3651 4
9981 1
10147 1
6874 4
1955 1
10576 4
8065 3
9961 4
1910 1
6443 1
10533 4
9167 4
1582 1
7420 2
8020 3
6092 1
7894 1
12396 3
1175 2
65 4
2260 1
5770 1
8167 4
7092 1
1130 2
2139 4
10474 3
4946 1
12369 1
6273 1
4219 4
1763 1
4105 1
3887 1
9757 4
6236 1
10346 4
4140 1
1726 1
7255 2
4591 1
5123 2
2887 1
2415 1
9428 2
1538 3
11303 4
8712 4
1745 2
12177 3
5903 1
336 1
10201 3
7607 4
3965 3
12462 2
7989 1
10714 2
2338 1
5534 4
11732 1
3920 3
291 3
6989 1
478 2
7740 3
6607 4
640 3
6293 4
3338 1
11569 3
2777 2
1462 1
3408 4
12068 1
3714 1
7329 3
8729 2
10496 4
2998 3
6137 1
5204 1
8087 4
9983 3
11804 4
7137 1
2751 1
10943 3
874 1
2380 1
10338 2
4222 2
6917 2
11496 4
8413 4
894 4
10415 2
8861 1
7994 4
8022 1
10887 2
4737 3
3227 3
7506 4
8824 1
8067 1
10668 3
4772 3
1114 3
2325 4
3262 3
10476 1
4670 4
1016 4
7441 3
504 3
1053 4
4635 4
11668 3
8004 2
3039 1
996 3
8751 2
5027 3
10366 1
251 3
6949 1
7780 3
12055 1
12349 4
10323 1
11178 3
9777 1
3 4
6682 4
8732 1
6351 3
849 1
11839 4
5923 4
11366 1
4027 3
782 4
10791 2
10178 3
353 4
11323 1
8797 4
10655 3
10284 3
8819 1
1785 2
5551 1
2802 1
9244 3
11386 4
9819 1
2824 2
3004 1
6662 1
11655 3
1372 1
10386 4
7644 2
5532 2
3041 1
12421 4
10757 4
4551 1
7295 2
8695 3
4261 4
7050 3
8450 2
12311 1
6583 4
7856 3
4138 1
4224 4
2673 3
8415 2
6813 3
11824 1
5138 1
1505 3
10279 3
6856 3
3673 3
2734 4
8476 1
4918 2
9887 2
8804 4
8496 4
7563 1
2305 1
1055 2
4899 3
8841 4
11087 4
5281 1
6194 2
1484 2
4615 1
9496 4
12479 1
1830 1
400 2
9047 4
8100 3
3340 1
3791 1
9841 4
8906 3
5899 3
9002 4
10087 4
4281 1
10119 2
4003 2
8632 4
3981 2
7316 1
1620 2
5866 1
7353 1
2629 4
11321 3
1606 1
3570 1
12110 4
11119 2
7375 2
8775 3
10223 4
4025 1
1643 1
2187 2
7108 3
3535 1
6353 1
4866 1
230 2
7330 2
8730 3
2492 3
11671 2
1272 4
4708 1
9203 1
10286 1
3902 4
5516 3
2006 3
6727 4
5708 1
2218 1
7762 4
9489 3
3006 3
2590 4
9058 3
11286 1
11924 4
4979 3
10020 3
5361 1
7854 1
4302 2
911 1
6872 2
2612 2
1995 1
5979 3
6854 1
7031 2
1193 1
6483 1
7872 2
5347 2
3634 1
12148 1
4324 1
10122 4
1930 4
9596 1
9147 1
5283 3
2939 2
6426 4
8788 3
10556 1
9102 1
3793 3
3342 3
1877 3
563 4
5409 1
5381 4
8102 1
1249 2
10535 2
2691 4
3307 3
2240 4
11556 1
4617 3
9788 3
