4715 9
12390 8
8329 7
9063 8
3092 10
9865 8
6639 10
10460 10
10331 10
11606 10
6168 10
2712 10
3225 10
3574 10
3192 10
716 10
2612 10
5568 8
6554 7
1807 7
3474 10
11057 10
10231 10
11706 10
11167 9
803 10
5245 8
7935 8
835 8
6970 8
9533 9
5393 10
3384 8
6935 8
4342 10
9576 9
11913 10
5124 10
10961 9
2835 7
9919 9
9177 10
6762 9
12091 8
4414 9
9491 10
6115 10
7422 10
3258 10
6727 9
9327 8
4451 9
3509 10
2389 10
1936 10
6284 7
7727 9
1794 7
2902 9
3409 10
9591 10
2379 8
6655 7
58 9
11773 8
7232 8
8632 9
8898 8
6178 7
9740 7
7849 9
1623 10
8677 9
5708 10
2629 9
11223 9
7980 10
12480 10
10266 9
3454 8
4907 8
1988 9
6951 10
12166 10
5159 10
10858 8
9677 9
1767 8
4101 8
1072 10
2221 8
7447 8
8047 9
3928 7
1640 10
2919 10
1111 10
11881 9
12005 10
6832 10
9976 7
7402 8
5774 8
6399 7
72 7
8976 7
12105 10
6447 8
2819 10
1011 10
4731 8
6890 8
8933 7
8170 7
648 7
3264 8
6402 8
9002 9
11524 7
1112 8
10900 8
3549 8
11149 10
5313 7
165 7
926 7
8694 10
10143 8
4059 8
7065 7
10592 8
4261 9
8372 10
6490 10
10106 8
9114 10
3734 9
9552 8
2297 7
159 10
8517 8
854 9
2198 8
2549 8
11900 8
10209 7
11718 10
7541 10
3603 7
7152 9
2734 9
6863 7
9014 10
10098 10
6020 7
5608 9
7397 8
2963 8
4570 10
11870 10
2120 8
8346 9
11757 9
4096 10
2926 8
5475 8
10625 7
7703 8
1256 8
4430 8
11660 7
11970 10
6746 8
3120 8
8234 7
6397 8
4608 9
3318 9
4475 8
11625 7
6703 8
9978 8
1706 9
4160 9
10352 10
9616 8
10693 8
7364 7
10242 8
264 7
3648 8
12134 8
1743 9
9282 8
124 10
4851 7
1928 10
3417 10
2648 8
10503 10
5803 10
11839 9
8616 8
6321 7
65 10
782 9
4057 7
353 9
4486 7
7994 9
2151 10
894 9
2600 10
3212 7
10223 10
11714 10
1121 7
704 10
14 10
9209 7
1855 9
4099 8
10323 10
8698 10
4670 9
3589 8
9945 8
574 7
3158 8
2700 10
9118 10
6543 9
10194 10
3080 10
155 10
12088 9
6192 9
9592 8
10517 8
2257 7
5136 10
4320 8
1546 8
6815 8
4350 10
5667 10
12109 10
2815 10
9413 9
911 10
11841 9
7487 8
2630 8
156 8
7815 8
12009 10
811 10
11047 9
1298 7
5281 10
10135 7
7850 8
2688 8
1924 10
5398 8
2061 9
3950 7
11038 10
6756 10
779 10
742 9
69 10
2024 9
7642 9
8242 8
9065 10
7787 10
11616 8
7430 10
4749 8
7361 10
6656 10
11138 10
9483 10
3688 8
4571 9
6607 9
10282 8
7730 7
9693 8
9165 10
8303 10
2915 7
4534 9
679 10
3024 9
8625 7
1060 10
1731 10
11271 7
8660 7
10346 9
7489 7
12030 9
12208 8
1160 10
2968 10
5862 8
11303 9
7786 8
8386 9
12074 10
5064 8
9961 9
12438 8
5679 10
1003 10
9924 9
1077 8
1834 8
8961 9
5654 8
7522 8
1103 10
20 9
1652 10
5028 10
2139 9
5779 10
2614 9
7072 9
7553 10
11820 8
4233 7
1455 7
9657 10
6482 10
4304 9
6831 9
9472 8
7453 10
2723 7
6635 10
7302 10
7906 7
1847 10
11705 7
9223 9
469 7
3806 8
4184 8
3000 8
9266 9
4333 10
3238 9
2876 10
10705 7
1079 7
8223 9
6569 7
723 8
989 9
2238 9
11898 8
2976 10
11862 10
12436 7
3467 7
8773 8
273 9
11291 10
4132 7
2768 8
4971 7
281 10
3354 10
2663 10
2550 9
5040 9
236 9
7699 10
1663 9
2285 10
136 10
9736 8
11126 10
2032 10
5971 7
10362 8
381 10
927 10
7039 7
4680 10
12269 8
8644 7
5651 10
4040 8
11210 7
5100 10
8295 7
4803 8
5005 8
7373 8
7908 9
808 9
5751 10
10210 7
5000 10
2923 10
11362 9
11595 10
4895 10
7623 9
2045 9
8519 10
11677 8
1241 7
5184 9
10215 10
3301 10
5982 9
3931 7
10578 7
585 10
2167 10
163 10
7751 7
10677 8
3494 9
632 10
4555 9
8348 10
11495 10
3201 10
2172 7
4728 8
3550 10
12195 8
11622 10
7338 7
12350 9
9917 10
8500 7
1707 10
9437 9
4341 8
6874 8
5848 7
1056 10
12315 9
10063 9
9500 7
7831 8
12042 10
6875 10
9545 7
10111 7
7874 8
4848 7
4726 7
9702 10
9053 10
3236 7
2344 9
7257 10
10539 10
11533 8
3344 9
8268 7
9602 10
5726 7
3795 9
6386 10
8464 10
1812 10
12294 8
7887 7
11679 7
7357 10
6131 10
686 9
2709 8
7565 10
8757 8
2628 10
4582 7
7083 10
9761 10
8507 10
9030 10
11797 8
8712 8
212 9
6357 9
9757 8
2728 10
1871 10
2079 10
11498 7
6152 10
7465 10
9386 8
10797 8
4827 9
1602 9
8356 10
11721 7
4398 9
1764 10
1317 8
939 10
7508 7
1783 8
8330 7
4278 10
2259 9
11829 10
7607 8
1664 10
707 8
393 8
8839 8
6508 7
11010 10
5827 10
10527 10
10799 7
4683 7
10276 10
11741 10
11002 8
8087 8
6124 7
2655 10
2408 8
6967 7
7013 9
8413 8
2675 9
950 9
3707 7
8881 8
2755 10
3533 10
2004 10
6056 9
9456 8
651 10
12331 8
9881 8
8388 7
7922 7
4365 9
1503 9
10690 10
3675 9
10552 9
6994 8
1016 8
4305 10
9106 9
3891 10
944 10
1053 8
10985 9
5485 10
11465 7
406 8
5670 8
41 9
11552 9
2940 10
1619 10
9837 7
7543 8
2325 8
7192 8
11517 9
5012 10
5789 9
5743 10
4274 10
5160 8
2931 10
11242 9
4792 10
2435 8
9721 7
7682 8
3470 8
4374 10
4692 10
6253 8
9653 9
4125 8
11458 7
497 10
3213 10
7634 7
10712 8
2483 7
7469 10
10456 10
5507 7
620 10
771 7
2593 10
11487 10
4987 10
9303 8
10386 8
8049 7
11730 10
10207 10
7569 10
10089 7
10556 10
646 9
1324 7
3442 10
3313 10
39 9
8797 8
11587 10
4887 10
11386 8
4507 7
2493 10
3017 7
9465 7
8985 9
12050 10
10872 7
9805 10
483 8
11945 9
10889 10
12302 7
6218 7
8552 9
6954 8
9985 9
11837 7
948 10
11074 7
1093 8
10945 9
5489 10
9905 10
5292 7
2759 10
3019 8
6672 10
5643 7
8190 10
3788 10
1951 9
6394 10
8476 10
9610 10
196 9
6772 10
7245 10
10388 7
4292 7
2108 10
990 9
1823 7
6294 10
4606 7
9799 7
9710 10
8841 8
9348 7
2264 9
11087 8
9632 8
11499 10
8344 10
12110 8
3411 9
1863 10
7326 10
11169 7
5073 7
10448 10
3629 8
9022 10
4875 7
4899 10
4036 7
949 8
6040 10
10219 10
5339 8
9295 10
10169 7
6711 10
2883 9
589 10
11858 9
2411 9
10295 7
11736 9
662 8
7762 8
1127 10
5451 8
627 8
8327 9
8210 7
4886 8
9966 10
1237 8
1776 10
3590 8
10773 9
643 10
7041 7
112 10
10682 10
8339 10
5372 7
3710 9
6176 9
10364 10
11653 10
4200 9
11102 10
8533 8
8239 10
5694 9
4337 7
53 10
8576 8
10264 10
11753 10
5835 10
3421 10
2116 10
11961 8
1514 7
2647 10
2205 8
10545 7
5597 10
3983 10
11437 9
8026 9
11846 10
5071 10
4546 10
5750 8
6879 10
5720 10
2078 9
2691 8
9154 7
3883 10
8952 7
6463 8
3205 8
1173 8
10997 10
7729 7
8917 7
13 7
3691 8
6426 8
9026 9
5171 10
4446 10
1136 8
4317 10
5620 10
6979 10
9806 8
4733 9
8159 10
423 10
1584 9
5641 7
372 10
2790 10
9188 10
1110 9
10104 10
6400 9
2314 7
523 10
11411 8
8494 8
6537 7
272 10
11883 8
11784 10
8045 8
8059 10
738 8
12468 7
2427 10
84 10
4833 10
500 9
7400 9
10755 10
11902 9
8987 9
5263 8
7581 8
8768 8
11947 9
4077 10
5540 10
6956 8
4263 8
11991 10
4491 10
10141 9
8467 7
9987 9
4818 9
3736 8
10940 10
5440 10
3854 10
1678 9
6197 10
2050 7
6395 9
9344 8
6320 10
773 7
7673 7
7146 10
6471 10
6701 9
644 9
4540 7
6097 10
3813 7
9242 10
9513 10
8024 10
7717 10
6673 7
6571 10
10728 10
8614 9
12044 7
12495 7
1347 10
6958 7
5964 8
8651 9
1416 10
7802 10
1899 7
7680 8
12136 9
8960 10
4921 8
1704 8
10078 8
7902 10
9280 9
3829 10
3437 8
9651 9
4127 8
8688 8
7861 10
4069 10
5752 8
8803 10
11299 8
10990 7
12087 10
7961 10
8950 7
4638 10
11196 7
1798 9
12392 9
4717 8
10470 9
3693 8
3242 8
8587 7
10648 8
6309 8
7674 10
6343 10
143 7
9196 10
3386 9
7043 7
7125 10
7492 7
2268 10
2539 10
6972 9
1421 9
5370 7
8147 10
7131 9
872 9
9096 10
11165 8
12159 7
209 8
7174 9
11318 9
1516 7
8716 10
7292 10
4014 10
8360 9
9257 7
11198 8
5453 8
5794 10
9686 7
8325 9
3106 8
8212 7
11297 7
10198 8
11450 10
7609 10
3456 9
7342 7
1518 8
3722 10
5034 7
6189 10
9675 8
2561 7
10221 8
3595 10
440 10
3881 9
2315 10
7008 8
4850 10
5146 9
10736 10
5905 9
10928 7
375 9
6089 10
10581 10
8675 8
4724 7
96 10
3653 10
2364 10
1901 7
2346 9
11270 10
10747 10
8963 8
4821 10
11521 10
7778 10
531 10
6417 7
8165 8
22 8
5613 9
7129 10
7678 10
10116 10
11421 10
9318 9
3797 9
985 7
12296 8
2782 10
360 10
6070 8
10952 10
9299 8
5303 10
4634 10
9648 8
1579 10
3846 10
10024 9
10259 8
6876 8
11983 10
2897 10
3282 8
7248 9
1328 10
11024 9
4065 10
10852 10
7833 8
976 8
7035 8
7876 8
5343 8
3519 7
5557 9
6382 7
9928 7
6753 7
6232 10
4425 7
9501 10
11630 8
3933 7
8767 10
7154 10
10675 8
2219 10
10630 8
9401 10
9350 10
616 7
3841 9
4512 9
6664 9
4118 10
4649 10
7910 10
3985 8
12053 9
9549 8
1661 8
9198 8
1255 10
7878 7
11257 7
1088 9
4844 8
3517 8
8646 7
8972 10
2618 7
6334 8
12121 7
1404 10
5844 8
12241 10
2985 8
8549 8
3618 7
11158 8
8734 9
9646 7
2183 8
8076 7
6996 8
2889 10
3362 8
5538 7
1081 10
10515 9
8033 7
12322 10
1480 8
12473 10
7973 10
4637 8
6541 8
3858 10
2989 10
8947 9
3028 7
10422 7
4538 7
7996 8
12385 7
12222 10
4681 7
7054 9
8454 8
3391 7
7280 10
6965 7
7852 9
5367 9
2677 9
798 10
6500 10
12079 7
7037 10
8883 8
8629 9
9085 8
10000 8
8604 10
11688 10
6054 9
9883 8
10108 10
7920 7
9184 10
4367 9
9411 8
11723 7
5639 7
3820 8
5431 10
6640 8
4657 10
5360 10
3865 8
9377 7
5786 10
7605 8
2063 8
3329 7
391 8
6998 7
3925 10
10766 7
5531 10
2026 8
8240 9
5260 10
6227 7
8028 10
3161 10
5825 9
7310 9
3896 7
4842 10
8128 10
5580 7
4023 9
1645 9
303 10
12077 8
7227 7
5912 7
10301 8
9384 8
452 10
3587 10
11313 10
3576 9
11442 10
10175 10
3061 10
12032 8
9528 9
3730 10
6784 8
10139 8
6355 8
5335 10
4153 10
4825 8
3679 7
11139 8
5860 8
5066 8
5564 10
2576 8
11280 8
8205 8
507 10
3111 7
1267 7
6279 10
4817 10
5536 9
10771 10
2403 10
407 10
2111 7
356 10
2252 10
3765 10
1168 8
2917 7
2503 10
5095 7
1350 9
2585 7
8949 7
10671 10
11346 10
1195 8
3677 8
6011 8
11137 7
6852 8
1532 10
12333 9
9629 8
10806 9
7926 10
10919 10
5419 10
12377 10
9995 10
8844 10
7485 8
2898 9
154 8
10931 7
3578 7
1685 10
11045 9
12277 10
10819 10
1363 10
10137 7
8000 10
2362 9
5672 9
1990 10
404 9
4745 7
7190 9
6433 7
1960 7
9780 10
441 9
2098 10
10181 8
1014 9
1890 10
7484 10
10550 8
8100 10
9141 8
1051 9
10987 8
6779 8
1269 8
7162 10
4809 10
6267 10
7001 10
6203 7
2517 9
1756 7
10289 10
8063 10
10869 7
6781 10
519 10
248 10
5042 9
6371 9
12482 8
6598 8
4007 9
7101 10
6436 10
9305 10
10389 10
4493 9
6681 10
10360 8
3183 9
9454 10
6621 8
1200 10
4557 8
9019 8
12314 10
3496 8
9264 9
3002 8
1374 8
12197 9
11393 7
4980 8
7845 10
12214 10
2496 8
8221 9
1300 10
12471 7
2804 8
4289 7
9316 7
8264 9
3348 7
4874 10
10043 10
11574 10
799 8
7070 9
8470 8
11225 10
12018 7
2331 10
2460 10
3157 10
8648 9
11867 8
1086 7
11061 8
6147 7
235 10
4231 7
7102 7
2231 10
182 10
12352 8
5274 7
1560 9
6699 8
4974 10
11474 10
1389 8
9470 8
11325 10
10061 8
2086 10
464 10
335 10
10688 9
1525 9
4343 9
11192 10
1208 9
8811 7
4656 8
4661 10
1873 8
8483 7
2498 7
2049 7
6565 8
5559 7
5256 10
4761 10
7520 8
3913 10
5287 8
9811 7
2303 8
4287 10
9854 7
2456 8
7230 8
8630 9
5227 10
3962 10
7275 8
5090 10
12025 7
5103 8
3388 7
2881 8
10782 7
4597 8
10976 10
4141 10
6230 8
7949 10
4610 10
5327 10
839 7
12157 9
10019 8
1765 8
12442 8
6558 8
2511 10
3777 10
1048 8
11354 10
8869 7
6760 9
4905 10
12093 8
4416 9
9458 10
6725 9
10385 10
10549 9
386 7
10032 10
5416 9
660 9
7558 8
3126 10
2340 10
2143 9
9558 10
10285 10
2900 9
244 10
515 10
2386 8
12265 10
7309 9
8709 8
5696 8
12361 7
9092 7
5202 8
10811 7
1697 10
8574 9
4148 7
11854 7
10926 9
12434 10
6937 8
9574 9
5148 7
5599 7
12256 9
9688 9
9692 10
1349 8
7621 10
1134 9
1882 10
339 10
9425 10
10299 9
4383 9
11229 10
12409 7
8259 9
4878 10
11578 10
5717 9
2207 9
388 8
3330 7
11648 9
1982 10
2992 7
6693 10
7366 7
10240 8
9446 10
266 7
1741 9
6424 10
1390 9
12173 8
6069 8
6793 10
5162 9
11691 8
6323 7
3545 7
8280 8
169 8
7069 8
3669 10
7395 8
10662 7
439 9
9273 7
7857 10
3961 8
3122 8
6744 8
8236 7
10710 9
1029 9
7957 10
6539 9
9139 8
5311 7
167 7
924 7
7067 7
2094 10
10590 8
2572 10
3045 10
190 10
10947 8
7022 7
3714 10
11337 10
6459 10
2295 7
6913 9
4966 10
11466 10
7115 9
8515 8
11080 10
227 10
3601 7
2194 10
576 10
2736 9
7150 9
8550 8
6559 10
10051 10
11566 10
2472 10
3145 10
7368 8
268 8
12138 7
6022 7
2223 8
10563 7
8806 9
1689 10
194 8
2266 8
10815 10
4773 10
8238 8
3901 10
10411 9
1916 8
3223 8
9045 9
4395 10
4999 9
2169 7
6892 8
10454 9
4122 10
5415 10
4776 8
11218 9
5302 9
11020 8
3760 7
8057 10
972 9
11065 8
6143 7
6502 10
7209 8
4235 7
845 7
8157 10
10020 8
12356 8
10863 8
5270 7
8606 10
7135 10
6209 8
6353 10
7664 10
492 7
2278 10
11890 7
8815 7
2008 7
1083 10
6524 8
1249 9
4179 10
9359 8
7971 10
1071 8
1234 10
3307 8
11447 7
11748 8
3008 7
424 8
8124 9
2342 8
11570 9
11399 8
9815 7
461 8
26 9
5617 8
10096 7
9013 7
8359 8
9850 7
4171 7
201 10
550 10
11321 8
5891 10
10591 10
2513 9
4134 7
5497 9
2454 10
3163 10
2305 10
12358 7
4977 7
7048 10
5805 9
8730 8
230 9
10077 10
11540 10
1383 7
9775 8
4003 9
301 10
450 10
7207 7
11311 10
7148 10
9730 8
7619 10
11440 10
6108 8
3063 10
3732 10
2424 7
7242 7
5684 10
3043 8
10933 10
5433 10
6660 8
1370 8
3827 10
4984 8
5182 8
9357 7
10703 7
4619 7
5553 8
8058 8
11634 9
189 9
10833 10
8260 9
12430 7
7089 9
2845 8
3636 8
5450 10
4167 10
11935 7
6268 9
3673 8
10279 8
4363 8
9887 9
11847 9
7268 9
8081 9
891 10
10176 7
10850 10
4736 10
5201 10
10935 7
150 8
8887 9
5918 9
9567 7
7015 8
2673 8
11490 9
10133 7
12089 10
4581 10
10970 7
94 10
3100 10
2437 10
7738 8
11554 8
3651 10
784 10
10745 10
11272 10
9098 10
5676 9
47 8
4741 7
1964 7
3251 7
533 10
8906 8
4676 9
10114 10
5704 7
684 10
3751 10
1816 9
3323 9
2680 7
8149 10
4633 9
362 10
433 10
8623 7
9380 9
12073 9
6351 8
1257 10
8666 7
10340 9
8970 10
10791 9
12101 7
6858 7
1357 10
9623 7
7780 8
8380 9
680 8
2067 9
8201 8
11284 8
6561 10
4091 7
2022 9
8034 10
9252 10
8765 10
4440 7
6461 10
7156 10
6330 10
3824 9
6601 9
9201 8
3067 9
8134 10
10610 8
2913 7
1785 9
9352 10
1354 9
9244 8
12233 8
9729 9
10145 8
2605 7
7127 10
6410 10
10594 8
1095 9
11698 10
9323 10
8145 10
7026 7
7390 10
9554 8
2291 7
10338 9
6917 9
98 10
7329 8
8983 8
6820 7
6241 10
9094 10
11145 8
8714 10
11798 10
1536 7
6865 7
8185 8
7290 10
1326 10
7863 10
8004 9
10522 7
8847 9
504 8
9935 7
8133 7
1226 10
1091 10
10081 9
6404 8
3262 8
1114 8
2899 10
2996 7
4166 9
10634 10
10695 8
3720 10
2546 10
3433 9
4960 9
8138 10
3597 10
89 7
2541 7
9284 8
5051 7
313 10
3620 10
2317 10
4857 7
3504 7
6362 7
2446 10
10734 10
3497 10
3541 7
8284 8
355 9
5883 10
3190 7
10583 10
7255 9
8178 8
1959 7
4016 10
605 8
3229 7
11569 8
5473 8
2920 8
4739 7
3965 8
10921 10
6740 8
6391 8
9791 9
998 7
2229 7
4473 8
2987 10
11788 8
12365 7
4593 10
11893 10
10013 7
10487 7
9402 7
3956 10
8748 8
833 8
4075 10
4243 8
6135 8
11013 7
10161 9
6799 9
3856 10
1569 10
1175 9
11686 10
6465 9
7517 7
417 7
370 10
2792 10
11431 10
7668 10
3246 9
7139 10
7183 7
3743 10
696 10
4387 9
6618 8
5624 7
2878 8
521 10
270 10
2697 9
3643 10
86 10
8863 8
11531 10
8020 8
10757 10
6183 7
7234 8
8634 9
598 9
1414 10
12116 9
5208 7
6234 8
3452 8
7900 10
10225 9
878 7
2833 7
6195 10
5560 7
12446 8
4880 9
6764 9
3102 9
4412 9
3941 9
7615 10
12403 8
6519 8
2035 7
7144 10
1009 8
10775 8
9321 8
2558 10
7764 9
3489 10
5412 9
9240 10
8777 10
1306 7
6616 7
3070 7
6282 7
2904 9
7044 10
6884 10
11508 8
7519 9
5457 8
2248 7
9364 9
11293 7
5389 7
4457 8
8682 7
12304 10
3596 8
7955 10
358 10
409 10
9634 8
4901 9
9444 10
10399 10
246 7
1761 9
1188 8
6271 9
11348 10
203 7
11419 10
7640 10
5075 7
6049 8
6791 10
9544 10
509 10
11248 10
7740 10
2885 9
8449 9
8595 10
371 9
2417 9
5944 9
8065 9
2203 8
4459 7
8826 9
4088 7
10817 10
4020 10
5756 8
4771 10
5246 10
7828 10
520 8
5387 8
3903 10
4713 8
15 7
10474 9
1308 9
1973 8
5417 10
7928 10
4671 10
2096 10
3753 9
11182 10
596 7
6976 9
2570 10
10124 8
9570 8
3716 9
10602 10
6933 9
4206 9
11464 10
4964 10
11082 10
11359 9
5243 9
5838 8
4331 7
6804 7
11161 8
7170 9
10702 10
699 8
7799 8
11967 8
6841 7
3147 10
2470 10
12118 7
6002 7
5544 7
732 7
10714 8
6438 10
9340 8
5195 7
6369 10
10130 10
777 7
3293 10
346 10
2852 7
2011 7
11889 7
3920 9
11256 10
10761 10
8340 8
4807 10
10030 10
11507 10
6269 10
2965 9
2413 10
7578 8
6632 7
3054 7
7391 9
4501 7
3011 7
517 10
10874 10
5574 10
11695 9
7210 8
12040 7
7028 9
3960 10
10373 7
8655 9
2433 8
5960 8
11039 8
5123 8
9727 7
6028 9
3860 10
10974 10
11336 7
4612 10
1700 8
1394 8
8727 7
6255 8
2779 7
1151 9
1912 9
6441 9
9041 8
1369 8
7172 10
2355 7
6445 10
9690 10
6679 8
1880 10
9427 10
3819 8
7494 10
476 7
9376 10
11415 8
12429 7
6533 7
6545 10
7723 10
11887 8
9527 10
996 9
8741 10
9276 10
1980 10
7404 9
2188 10
5509 10
10809 10
9885 10
5258 10
1422 10
7952 8
12341 7
7111 8
1373 10
7585 8
5859 9
485 8
8854 10
1695 10
5222 8
7917 8
10831 7
2732 8
4168 7
4267 8
5409 10
10909 10
5358 10
11831 7
9185 9
4389 10
8426 7
11727 7
10284 9
1553 10
7947 10
10978 10
12316 10
10655 9
6644 8
5229 10
7439 9
8039 8
5578 10
1302 10
10727 7
5577 8
2824 8
8695 9
8244 9
1733 7
7169 8
8569 9
6534 10
7003 10
3445 7
6223 7
11305 8
9207 10
8061 10
9556 10
11791 8
5062 9
8487 10
9569 9
1479 8
10305 8
6314 9
1604 9
9307 10
8161 10
2400 7
7266 7
1228 9
9338 8
5354 10
1853 8
5405 10
6194 8
10729 8
8958 10
7500 8
11185 9
5505 10
10805 10
3911 10
8338 8
8858 10
5633 8
2323 8
7545 8
4285 10
11511 9
1699 10
4685 7
10041 10
4876 10
2636 9
2333 10
3604 10
11004 8
8668 9
1432 7
6961 7
3155 10
2462 10
5363 9
7598 10
956 9
6167 7
6924 7
1477 7
237 10
861 7
2233 10
10004 8
9081 8
1191 9
9668 9
2562 10
11476 10
4976 10
2395 7
6449 10
11327 10
1997 9
10802 8
1505 9
7498 10
9415 8
11190 10
9219 10
9548 10
8225 8
3131 7
11671 8
3381 10
3972 7
4815 10
11515 10
8489 9
11244 10
405 10
3281 10
5421 7
2972 7
10449 9
7386 7
1148 8
5464 7
6458 8
9489 9
8969 7
10673 10
3006 9
11682 7
5349 7
6988 10
6375 8
1418 9
9508 8
4600 10
12459 10
7959 10
4046 8
12308 10
4151 10
11216 7
4805 8
5080 10
8775 9
5237 10
9293 7
7330 8
2556 8
7108 9
1146 7
7586 10
2793 9
9535 10
7524 9
578 10
229 10
1992 10
8967 8
4765 7
9782 10
7060 10
6413 7
6557 10
7561 9
2307 9
329 10
4652 9
8653 10
10570 8
981 7
9788 9
6306 10
7631 10
4968 10
11339 10
2275 7
9682 10
1787 10
10218 8
4302 8
90 7
1530 10
4347 8
1521 8
4796 8
10065 9
5979 9
3 10
4048 7
1687 10
10911 7
5796 8
7824 10
9543 7
309 9
9897 10
8431 9
9192 7
1361 10
152 9
9718 7
718 10
10088 10
8262 10
7017 9
8417 8
6066 10
7551 10
11800 8
10309 7
4213 7
9104 10
9083 8
1193 9
12370 8
6480 10
9655 10
5687 7
618 10
149 10
6052 9
1995 9
11608 10
6166 10
8684 10
3449 8
10800 8
6990 8
7648 7
8991 10
6196 8
8035 7
12115 10
1750 10
6648 7
11187 9
1789 7
9070 7
12383 7
9840 10
11981 9
5631 8
2909 10
1650 10
7196 8
8891 10
12015 10
2387 10
6221 7
4914 7
9079 10
5866 9
8753 8
4586 7
10008 7
2748 8
2130 10
2661 10
3356 10
6264 7
11775 10
11793 8
9179 10
4025 9
5157 7
12071 8
134 10
6782 9
10307 8
11675 10
11124 10
5913 10
2890 7
10413 10
2761 10
1838 10
383 10
2402 7
6603 8
9203 9
10286 9
7549 7
4575 8
970 10
12168 10
1356 8
3218 9
2874 10
6198 7
870 10
9371 7
11657 9
12453 7
5575 8
11860 10
5057 10
4560 10
7646 8
8246 9
2863 8
5530 8
9476 9
4403 10
5134 10
11903 10
1566 8
4352 10
3428 9
6033 8
5383 10
6870 8
913 10
12311 9
4794 8
10067 9
11022 9
5300 8
10913 7
813 10
8433 9
9190 7
3464 10
11572 8
1907 7
2602 10
8965 8
1595 7
6729 10
706 10
8163 8
24 8
9229 7
10321 10
1036 9
5970 10
6629 10
2053 10
3564 10
3178 8
11638 7
554 7
10572 8
2232 7
10196 10
983 7
1073 9
606 10
3082 10
5618 10
1062 10
4001 8
3511 8
1622 8
11214 7
12228 8
6332 8
178 7
277 8
5842 8
9291 7
8732 9
5807 8
1484 10
4098 10
5495 8
3419 10
727 9
1926 10
6755 7
11673 8
3970 7
1245 7
7263 10
5180 9
9581 10
762 9
5514 9
11636 8
7432 10
6105 10
3279 8
1826 10
3248 10
7685 10
10636 8
3847 9
9262 8
4690 9
3569 8
7312 10
10163 8
6174 10
2623 7
8696 10
3239 10
1857 10
9537 8
1427 9
5376 7
6492 10
100 7
9647 10
8370 10
8421 10
7000 7
12068 9
9572 8
1462 9
8638 7
874 9
1184 7
3468 10
6806 7
2380 9
5079 8
831 9
9747 10
8270 10
11965 8
6592 10
8521 10
9016 10
1642 10
5711 8
1113 10
2039 9
6830 10
12007 10
10190 7
5038 10
8861 9
522 8
5669 10
12107 10
10433 9
5138 10
4711 8
3695 8
10476 9
668 7
6658 10
11136 10
10401 10
10350 10
3244 10
3081 9
4591 9
11381 10
1763 9
7689 10
3415 9
6273 9
126 10
7301 7
6808 8
291 10
6344 7
1654 7
5801 10
10501 10
6758 10
6009 10
10250 10
2450 9
67 10
2887 9
908 8
9539 7
7789 10
2966 10
9214 7
10291 7
11872 10
4572 10
1488 10
11777 9
10605 7
5614 10
11972 10
5145 10
4472 10
6766 8
9366 9
8214 7
4628 9
4194 10
4455 8
10777 9
11147 9
1398 7
9461 7
9 7
10876 7
12343 7
7113 8
8513 9
850 8
8187 9
487 8
5220 8
7915 8
4929 7
4265 8
6950 8
7259 7
6113 8
1891 8
8461 7
11833 7
5677 10
11911 10
4735 9
8309 7
1910 9
6443 9
2786 7
9108 10
10417 8
145 10
3090 10
614 10
9845 8
1116 9
11155 10
6406 9
1955 9
474 7
714 10
192 9
9759 10
9008 10
10084 10
11452 8
3327 10
2141 10
3476 10
8845 8
11055 10
7406 9
11704 10
8788 10
1496 10
7869 9
2431 8
8657 9
1621 10
2978 10
12064 10
6853 10
9725 7
7982 10
8760 7
489 7
4927 8
1396 8
4319 9
9286 9
5546 7
1829 8
8313 10
9624 10
730 7
9175 10
12289 9
3124 9
9342 8
8008 7
775 7
11128 10
6646 10
6117 10
6707 9
79 10
5434 9
2967 9
3815 7
7797 10
8939 9
9075 10
7707 9
11382 8
5298 8
4503 7
9593 10
7742 8
4268 10
5471 8
2788 9
1252 8
929 10
6742 8
6393 8
9964 10
4471 8
1774 10
11939 10
4368 10
1702 9
10697 8
6212 9
9612 8
9120 10
6869 8
7193 10
9671 10
260 7
1861 10
2738 10
6686 9
7324 10
3609 8
4855 7
6360 7
11246 8
9771 10
7093 10
7212 9
5927 9
9297 10
6325 7
7575 10
11203 8
5319 8
6713 10
1635 7
4482 7
2638 10
8043 9
9819 10
3981 10
7092 8
8492 9
4544 10
11844 10
2058 9
2950 10
1582 8
76 7
954 10
6092 8
9800 9
10995 10
7709 7
3058 9
33 7
1058 10
3260 8
4444 10
11944 10
5622 10
5317 7
8288 7
3794 10
110 10
7061 7
10596 8
8659 7
1097 9
3508 8
7867 7
5352 7
967 7
2745 10
6587 9
2293 7
11651 10
10366 10
6915 9
11100 10
5783 7
7359 10
5265 9
7950 9
10780 10
6822 7
51 10
2730 9
11751 10
10537 10
11000 10
11941 8
10248 7
2114 10
7587 9
5018 8
2077 10
2831 7
4882 9
10732 8
1276 9
12095 8
622 10
12401 8
1848 8
4985 10
11485 10
10205 10
11063 10
1304 7
11998 9
5882 9
3311 10
6280 7
11585 10
9069 7
2906 9
32 10
3037 7
2594 9
5010 10
7236 8
11819 8
5903 8
6818 10
4276 10
5741 10
2668 9
5591 8
9744 7
2933 10
4790 10
7273 8
5105 8
11227 9
8744 7
4378 9
11927 10
5110 10
4427 10
6236 8
6918 10
1726 8
937 10
1177 9
9067 8
1934 9
4529 8
6121 10
2373 7
415 7
8192 10
3039 8
7347 10
11779 7
10429 10
5929 10
1971 9
8474 10
9143 10
4385 9
11433 8
3373 7
6515 7
10529 10
5829 10
7247 10
6770 10
8824 8
8067 8
1902 10
3336 7
9712 10
5754 9
2244 9
8022 8
11163 9
11920 9
4948 7
7137 8
9807 10
7931 8
5204 8
1728 7
1046 10
4079 9
6931 8
11054 7
8400 7
10965 9
1766 10
9227 9
8355 7
3490 8
428 7
1280 10
12394 10
4986 8
9355 7
2490 8
5769 9
1038 7
2847 8
10558 10
9285 10
4930 7
7567 10
3463 7
6050 10
7377 9
11958 9
599 10
4889 10
3426 7
11589 10
11366 8
2185 9
1381 7
5044 9
6377 9
9777 8
12484 8
10458 10
7336 10
7467 10
5930 7
9998 9
1888 8
4044 9
7181 10
4495 9
9663 10
9132 10
11489 10
5988 7
6969 10
4307 10
9126 9
3340 8
2849 7
3893 10
5487 10
1830 8
11445 7
5730 10
7526 8
11856 10
2942 10
2178 9
10892 7
4988 7
5615 8
10094 7
9852 7
7835 9
10525 10
2610 9
935 9
2657 10
2428 8
10368 7
2106 10
3431 10
5345 9
8229 10
43 10
6902 7
3686 10
847 7
2757 10
7104 7
5272 7
6076 9
102 10
653 10
1523 9
11597 10
6771 7
8878 9
11071 10
5846 10
10189 7
3303 10
397 9
587 10
10657 8
2583 10
671 7
630 10
8598 7
5407 7
1968 8
1313 9
11497 10
9697 8
3203 10
3552 10
10446 10
9246 8
3020 9
6928 9
9382 9
925 10
1292 8
7019 7
3535 8
12249 8
4258 9
1778 10
5653 10
6316 8
10939 8
12103 7
825 10
4264 10
12146 7
5060 8
216 8
11342 9
2921 10
1129 10
9700 10
890 9
8566 10
9051 10
3698 10
11513 8
6435 7
2321 9
9102 8
8337 10
9151 10
6547 9
2749 10
1057 9
10981 8
9904 8
3119 8
7355 10
3634 8
9452 9
5499 10
4588 9
6017 8
1705 10
1507 8
12335 9
4159 9
8565 7
4448 10
11948 10
10899 10
583 8
7052 8
10174 7
6318 7
11848 10
1605 10
1154 10
3326 8
1813 8
4136 10
10901 10
9903 9
4636 8
4667 10
8077 7
9105 9
4381 10
9946 9
2326 8
5501 10
5250 10
9871 7
4281 10
2918 9
7853 9
10045 10
2337 10
8018 10
7816 9
6964 7
12332 8
9882 8
5214 7
11323 10
9698 10
1500 9
4366 9
5251 7
333 10
8118 10
2390 7
11194 10
4323 9
4537 8
1557 10
3868 10
1206 10
6641 8
3027 8
12312 10
899 7
7943 10
6992 10
12212 10
6999 7
11615 9
8079 8
12411 7
1457 10
3968 10
11650 9
12454 7
3328 7
10769 10
6263 7
7756 10
10038 10
8529 9
211 9
7311 9
11300 8
7785 9
8754 8
6430 10
7107 10
10669 10
7656 10
6361 10
12033 8
9529 9
5581 7
9385 8
5150 7
12076 8
8006 10
11530 8
6416 7
4760 7
1996 10
8927 8
8164 8
2302 9
6553 10
1143 7
7735 10
421 9
2478 10
66 8
5657 9
8121 8
2329 10
7884 7
984 7
9431 10
9360 10
7482 10
2578 10
7164 10
6453 10
6719 8
7635 10
553 7
11112 7
3283 8
10060 9
10689 8
1534 10
1561 8
11914 7
6071 8
3617 8
11157 7
1265 10
10025 9
4128 10
9993 10
12353 9
4679 10
11689 8
11823 9
11258 8
8434 9
9197 7
10112 7
977 8
4028 10
9503 7
4779 10
1434 10
171 8
765 9
2840 9
11409 9
6717 7
501 10
9929 7
12299 7
8220 8
2805 9
2405 10
4424 7
7418 8
6752 7
3663 10
2354 10
3285 10
5461 7
617 7
10631 8
401 10
3003 9
10391 10
10674 8
7119 10
9220 8
10126 10
1330 9
8647 7
3182 8
11213 7
5309 7
3553 8
1549 10
12052 9
10324 9
1458 9
10962 10
4155 10
7879 7
6370 8
3516 8
5333 10
4604 10
12483 9
9199 8
1660 8
4006 8
11159 8
4055 10
5562 10
5233 10
2984 8
3976 10
5753 8
8866 9
8025 9
4419 7
2692 8
11298 8
9914 7
560 8
5716 8
8060 9
10813 10
3907 10
10197 7
758 9
9951 7
4382 8
9025 9
3243 8
8951 7
1538 10
1170 8
5342 10
1933 8
3206 8
5413 10
2092 10
470 10
10121 8
12257 8
321 10
1465 9
2225 10
2624 7
6308 8
5334 7
11460 10
10157 10
7168 10
7493 7
10606 10
570 10
1517 7
7739 10
4860 10
2756 9
11231 10
11164 8
12158 7
7308 8
3143 10
2474 10
5083 8
4718 7
2142 8
3208 7
5452 8
9213 7
5718 7
6724 8
3142 8
2208 7
4452 8
3593 8
1214 10
3107 8
9361 9
6188 9
3944 8
1545 10
12451 10
7951 10
12443 9
12300 10
3289 10
9311 10
12156 8
2560 7
6695 10
5035 7
6373 10
12113 8
7744 10
6522 10
3525 7
12259 7
9001 8
6310 10
7627 10
5605 7
1329 8
7176 10
1917 9
10882 8
1585 9
5640 7
9495 8
3859 8
7639 8
6210 10
11455 8
7076 10
6573 7
10718 10
7401 9
7590 10
9523 10
7095 9
8495 8
6536 7
3350 7
11098 10
3781 7
1984 10
11882 8
11946 9
12263 10
7912 8
10834 7
11140 9
9466 7
857 8
11378 8
10871 7
1277 10
11834 7
9769 8
1090 8
6580 8
9180 9
1679 9
11032 7
10378 8
11871 7
9986 9
1896 8
2014 7
3771 10
2246 10
12422 8
6538 8
4903 10
4476 9
5996 7
3166 9
7637 7
413 10
342 10
3297 10
10383 10
11503 10
10765 10
9809 7
11385 8
10283 10
7394 9
513 10
3397 10
4047 10
5570 10
10376 7
6959 7
7250 8
9722 7
11204 9
168 9
11079 8
11690 9
9767 7
6068 9
5321 10
4616 10
4126 8
1740 8
5470 10
3436 8
10079 8
9615 9
11307 10
4965 9
4956 10
11456 10
5054 7
2542 10
0 9
10204 8
1578 8
3473 9
4163 9
317 10
267 7
446 10
7367 7
5852 7
10241 8
1632 7
7068 8
2442 10
781 9
3624 10
2313 10
6322 7
7681 9
11207 10
10730 10
4856 10
350 9
546 10
6367 7
5920 9
3993 7
9272 7
438 9
10626 7
5476 8
9237 7
8794 9
5792 10
7745 8
5425 10
6700 8
4643 10
1210 8
3831 10
8272 7
6745 8
9345 9
8978 10
960 7
10105 8
7123 10
7672 10
1441 9
3737 9
10140 8
8141 10
166 7
8610 10
2737 9
8551 8
8180 8
6514 10
269 8
6245 10
7114 9
3600 7
82 8
8986 8
8842 9
5777 8
2267 8
993 8
12236 10
544 8
8807 9
3168 7
195 8
4589 10
5458 10
10958 10
9239 8
999 10
1222 10
1952 8
6401 8
3267 8
11527 7
11989 10
8905 10
4998 9
6444 8
9044 9
12024 7
5941 8
8674 9
3389 7
2880 8
5147 8
10317 7
2457 8
7231 8
5904 8
1341 10
12255 10
7804 10
8409 8
3880 8
8966 10
2758 7
10018 8
3412 8
6274 8
9674 9
8743 7
12355 10
10265 9
9409 8
1721 8
4147 8
7938 7
10499 10
8122 10
12406 8
7287 7
458 10
7140 10
4885 9
2836 7
11448 10
6326 10
4417 9
1498 8
6761 9
624 9
8324 8
558 10
9515 10
4520 7
11199 9
661 9
7188 8
8361 8
6613 7
7040 10
7711 10
6226 10
11548 10
836 8
2713 8
11319 8
5697 8
8708 8
3952 10
887 10
208 9
8530 9
4071 10
873 8
6175 8
9575 9
4203 8
11810 7
11997 10
8407 7
9530 9
3756 8
11016 7
12328 10
8093 7
1420 8
4246 8
12479 10
11855 7
4620 10
6425 9
7186 7
1135 9
9339 10
2796 10
374 10
10298 9
425 10
9060 8
10653 10
11364 10
12393 8
9689 9
4716 9
11435 10
3016 10
2521 10
3747 10
525 10
7425 9
3116 10
8258 9
1002 7
12408 7
6512 7
3374 7
1841 7
2370 10
3647 10
10753 10
11264 10
8823 8
4835 10
3481 10
2182 9
4131 7
5895 10
6696 7
10595 10
8735 8
9519 10
2301 10
4937 7
6202 7
10073 10
11544 10
499 8
11215 10
10722 10
2516 9
5995 10
9735 8
11444 10
6599 8
11315 10
10622 10
4845 9
8399 10
2201 10
1375 8
4513 8
11743 7
5680 10
9265 9
5288 7
5366 10
4556 8
3805 8
4100 10
5437 10
9018 8
5780 10
2003 8
3923 10
2497 8
7808 10
5266 10
10837 10
4000 10
5537 10
10706 7
2046 8
529 10
6905 7
8702 10
9564 10
2283 9
6146 7
7071 9
1881 7
9082 10
11866 8
7249 8
8649 9
4839 10
6257 10
7760 10
1413 7
7031 10
6506 10
8602 10
9335 10
10823 8
2720 7
429 10
9649 9
7660 10
7940 7
9182 10
1759 8
11368 10
7103 7
9298 9
12193 10
1087 10
5558 7
10708 8
9927 9
2048 7
9319 8
12475 10
3796 8
10575 9
12324 10
1230 10
11407 7
8482 7
9962 9
1187 10
11708 8
5612 8
9855 7
10093 7
9482 7
8962 9
1461 10
7719 9
9810 7
10895 7
619 9
12416 10
10929 10
5429 10
8663 7
9711 9
1253 10
1502 10
4067 8
1601 8
8974 10
8626 7
6785 8
4861 8
3532 8
10138 8
4022 8
1353 10
10829 10
2532 8
5861 8
254 8
12104 7
5022 8
685 8
2864 9
4445 7
1223 7
7479 8
8690 8
7604 9
8204 8
11281 8
2821 9
11468 9
9256 10
8761 10
9507 10
6776 7
7603 10
1169 8
10615 8
8948 7
2584 7
3728 10
3079 10
7776 7
10650 8
8130 10
10468 9
3821 9
4632 10
11975 7
3676 8
6010 8
10954 10
10044 9
3840 10
10807 9
9628 8
4485 10
11985 10
3899 9
6055 8
9455 9
11173 7
5069 7
1099 10
895 10
7228 9
4732 10
10136 7
10854 10
1199 10
5958 9
584 8
11239 8
4585 10
8809 10
2633 8
7055 8
678 8
7191 9
3104 10
1122 7
11986 8
7540 9
10741 10
11276 10
6518 10
6477 7
3211 7
537 10
2684 10
1167 7
5673 9
8946 8
7505 9
8105 8
1050 9
11427 10
10110 10
6349 10
6418 10
11376 10
10514 8
6191 9
2262 10
3755 10
3004 10
6778 8
9378 9
5744 7
4673 9
1856 9
7398 10
3138 9
2846 10
8014 7
6566 8
9166 9
1076 8
12295 9
4303 10
942 10
3897 10
8051 7
12439 8
5483 10
10983 10
11852 10
466 8
2138 9
9857 7
2946 10
10091 7
9812 7
3997 10
2794 8
975 9
1085 7
5791 9
4232 7
1454 7
2102 10
3435 10
3364 10
2653 10
2281 9
6144 7
2615 9
8473 8
1883 7
9739 7
11864 8
1411 7
10821 8
7907 7
2753 10
495 7
1526 9
11116 10
12351 8
10864 8
657 10
106 10
6073 9
3615 9
1033 10
6667 8
5118 10
10633 9
5649 10
1332 8
4554 8
3807 8
468 7
6888 9
4698 10
10676 9
4185 8
9972 10
9315 7
5729 9
5983 8
5749 10
12027 10
12437 7
5511 8
2842 8
1133 10
9872 10
12290 10
5554 8
2044 8
8222 9
3423 7
7563 10
11363 8
5279 8
9281 10
6705 10
4133 7
5490 9
1384 7
1977 10
2551 9
9036 10
4935 7
6200 7
3466 7
1710 7
5004 9
2499 10
7372 9
8772 8
3219 10
7463 10
2423 7
6154 10
11029 7
345 7
4004 9
12481 8
2599 10
4847 9
8401 10
7185 10
8562 10
9055 10
11516 8
1120 7
10788 10
9704 10
749 10
8901 8
4397 7
9208 7
442 9
3687 7
5449 8
6037 10
11759 10
7251 10
1165 7
5671 9
8944 8
40 8
8107 8
649 10
9901 8
9155 10
9604 10
1483 9
3588 8
10182 8
1814 10
10553 8
4449 8
7475 7
7351 10
5703 7
11108 10
3889 10
6851 8
258 7
3674 8
10046 9
9911 10
4321 8
11932 7
9457 9
11171 7
1701 10
2858 10
10840 9
1196 8
6973 10
7851 8
10134 7
7486 8
8086 9
2409 9
6873 10
1150 10
10932 7
4828 7
914 8
8457 9
10171 7
2958 10
4893 10
11593 10
9028 10
9109 7
2866 9
392 9
734 10
1221 7
4447 7
8838 9
2487 10
7606 9
11283 8
5399 8
11075 10
2161 10
3112 7
1969 10
10617 8
4993 10
9243 8
5096 7
9679 10
3556 10
7774 7
6606 9
9206 8
10442 10
1316 9
3689 8
3823 9
7488 7
10347 9
4686 10
10796 9
1297 8
8624 7
10302 9
9387 9
4431 10
6356 8
4360 10
12139 10
4786 10
11796 9
821 10
5006 10
8756 9
2530 8
5863 8
12039 10
2925 10
7403 8
7891 8
8805 9
12048 10
7446 8
8046 9
11840 10
2954 10
9134 7
2018 9
9977 7
3885 10
5491 10
1950 8
6403 8
2854 10
8977 7
73 7
12148 10
114 10
10107 8
10944 8
7862 7
3790 10
645 10
6910 9
8619 7
9608 10
9159 10
2741 10
10142 8
3548 8
12234 8
5312 7
4260 9
11104 10
9516 8
10593 8
11655 10
9708 10
5225 9
10784 10
6021 7
745 10
10533 10
5833 10
855 9
7116 9
10262 10
2641 10
11142 8
6064 7
3602 7
10208 7
10624 7
2929 10
548 7
6702 8
1212 8
1296 10
12420 9
1869 9
2829 10
1770 10
11661 7
6747 8
1021 10
12135 10
3319 9
12465 9
8235 7
10713 9
9796 9
2197 7
12348 9
638 10
12170 8
9283 8
6829 8
2 9
9124 10
10692 8
2991 7
7320 10
265 7
9393 10
7471 10
7365 7
11628 10
4056 7
9024 10
28 10
8652 8
4013 7
6365 7
3503 7
11838 9
5788 8
3991 7
7184 7
9864 8
7343 10
3690 9
7555 7
9821 8
10436 8
6392 10
2376 7
9147 10
8096 10
7243 10
4623 7
6774 10
2690 9
7427 9
6184 7
1906 10
527 9
9716 10
9047 10
6510 7
6292 10
8062 8
9328 7
12056 10
5738 10
834 8
7177 8
1613 10
1142 10
5695 8
6278 7
1042 10
3529 9
5638 10
3754 8
7278 7
12210 9
10925 9
3591 9
3215 10
5950 10
10450 10
4450 9
6158 10
6726 9
5567 7
7189 10
4981 10
11481 10
6709 10
2903 9
626 9
6285 7
10201 10
6654 7
3032 7
3315 10
591 10
3444 10
2173 10
2378 8
11581 10
8363 8
6611 7
11737 8
36 10
4272 10
4523 10
7276 8
2937 10
1469 7
8899 8
2455 8
5906 8
2084 8
1388 10
10222 9
4372 10
5645 10
5114 10
11923 10
933 10
4694 10
3410 9
11132 10
3628 8
3240 10
395 10
8458 10
6233 9
4906 9
1989 8
10267 8
2882 9
2126 10
295 10
11222 8
8676 8
2410 9
10505 10
9589 10
4037 7
2391 10
6341 7
3527 7
63 10
8633 8
8558 10
5081 8
9254 7
11876 10
4576 10
4227 10
7898 10
2105 8
7763 8
6429 7
663 8
11600 7
11976 10
6949 10
12404 9
2862 10
12498 10
6763 8
3105 8
4190 10
12090 9
12441 9
8211 7
8692 10
6170 10
10960 8
7316 10
5373 7
105 7
6934 9
4201 9
1467 9
9577 8
3385 9
9643 10
4695 9
6496 10
7491 7
1953 10
8577 8
7547 10
11960 8
5878 10
10269 7
7216 10
1515 7
6721 10
871 9
8525 10
2385 9
3626 7
8274 10
1117 10
9916 7
12003 10
6834 10
562 8
8821 9
1238 7
11436 9
8155 7
4380 8
5889 7
4751 8
1137 8
3241 8
1974 8
11195 7
1172 8
12391 9
7728 7
1931 8
1408 7
2434 8
7252 8
1492 10
7886 10
1174 10
5161 8
5922 8
8617 9
11868 10
4568 10
4239 10
6857 10
7986 10
6683 8
4124 8
3434 8
11968 10
12160 10
4339 10
3649 9
1074 10
4161 8
3471 8
6217 8
2016 7
10756 8
8446 10
8048 7
3927 9
7424 10
6396 9
4609 8
6642 10
5543 7
11088 7
5192 7
2769 10
5474 9
8302 8
11387 8
8546 10
7793 10
9499 7
2669 10
1930 10
7396 9
8796 8
9597 10
4543 7
2319 8
482 8
7582 8
7153 8
6219 7
80 9
11901 9
1658 10
8516 9
2770 8
4515 10
11815 10
4969 7
4244 10
9553 9
5395 10
1443 8
7219 7
905 10
4489 9
6116 8
4415 10
11915 10
1406 8
9984 9
1894 8
1758 10
6488 10
6891 9
5607 7
471 7
10457 8
3094 10
9046 8
7459 10
1156 9
10880 8
11389 7
3572 10
11758 7
5642 7
10412 8
9497 8
2714 10
9798 7
8003 8
10080 10
3472 10
197 9
7097 9
2220 9
11700 10
10237 10
7559 10
71 10
868 8
761 10
213 9
2665 10
6224 7
11302 8
8387 8
1734 7
2134 10
687 9
5817 10
4583 7
256 9
7528 10
10246 10
11771 10
11397 10
1603 9
6313 9
5954 7
8088 7
11120 10
1646 9
7428 10
2093 7
10979 9
6787 9
4218 8
11048 7
9939 10
4182 10
12388 8
974 10
5602 10
4464 10
4399 9
2870 10
8374 7
10652 9
11617 9
4082 10
5535 8
8243 9
2970 10
1629 10
1178 10
5702 10
2689 9
4564 10
2060 8
3198 10
8880 8
9389 7
8266 10
8537 10
9000 10
11046 8
3706 7
7057 9
3392 7
157 9
2149 10
6733 10
6062 10
8780 10
8366 10
6484 10
8437 10
3098 10
12108 9
6012 9
10497 8
6633 10
10003 8
4119 8
6057 9
5682 7
6542 8
1052 8
3159 9
6926 10
1754 10
2868 7
1017 8
9944 9
1005 10
2324 8
10464 7
5634 8
6608 7
809 10
9873 7
7507 8
5098 9
10421 7
7995 8
12011 10
4248 10
8895 10
11553 9
6945 10
10363 9
3180 8
10918 8
4802 8
9737 9
3551 8
1066 10
6909 9
138 7
10211 7
9294 7
99 8
8737 9
1637 10
5041 8
6845 10
12072 10
2180 8
2514 8
12122 7
9827 10
2986 8
10685 7
7894 10
2001 9
299 10
767 9
9585 10
4463 7
5809 10
10258 10
7536 10
11633 8
7888 8
9168 7
988 8
11289 10
4426 7
1240 7
9732 10
11676 8
2495 9
10409 10
9485 10
7436 10
4511 9
2975 7
1949 8
9163 10
8168 7
4340 8
5661 10
5130 10
2988 7
8993 7
11916 7
239 7
917 10
3988 7
5340 8
817 10
10916 7
6339 7
11532 8
2157 10
10574 10
5874 10
11712 10
11577 8
702 10
5284 9
4727 7
8278 10
9269 7
8123 8
2345 9
11143 10
3300 9
11612 10
10325 10
10532 8
2272 7
3231 10
2057 10
8269 7
8378 10
3345 9
2237 7
153 10
3086 10
602 10
2509 9
12054 10
1611 10
2948 10
4928 7
1140 10
8 7
9801 10
3999 10
1447 8
4221 8
6914 8
11832 7
1040 10
12275 9
3774 8
12008 8
10597 9
12230 9
8460 7
789 7
1804 10
3261 9
9844 8
3059 8
11118 10
11719 7
5603 7
11649 10
108 10
6442 9
10884 8
4734 9
8308 7
659 10
430 7
8323 10
9614 10
9145 10
8472 10
9493 8
11018 10
995 9
5549 8
11749 10
9714 10
4646 7
49 10
542 9
11884 8
5734 9
9308 7
759 10
4270 10
12029 10
4521 10
11821 10
5016 10
8656 9
2935 10
9724 7
7687 8
8287 9
6159 7
12492 7
9287 9
3608 9
5647 10
4370 10
11921 10
5116 10
6256 8
931 10
4165 8
1703 8
4696 10
4926 8
1879 10
11418 7
3546 10
493 10
10452 10
3789 8
5990 7
4299 8
9938 9
12288 9
9792 8
1828 8
3966 9
11483 10
6743 9
9343 8
9138 10
11734 10
10203 10
5299 8
3317 10
2620 10
4502 7
2171 10
11583 10
4883 10
6631 7
8938 9
8792 8
11717 8
3814 7
724 10
10127 8
116 10
647 10
5377 7
9573 8
5332 7
4240 9
11106 10
10431 10
7495 7
6139 10
10786 10
57 10
6001 7
747 10
3692 10
6842 7
10531 10
6039 10
10260 10
2381 9
2643 10
5593 10
9580 7
5384 8
5710 8
8825 9
5724 10
566 8
8066 9
11842 10
11432 9
9957 7
10477 9
3694 8
3887 10
952 10
16 7
7769 7
10993 10
5493 10
669 7
11505 7
2856 10
8957 7
5175 10
4104 9
7195 10
7794 7
9637 8
7322 10
7345 7
4379 8
909 8
8511 10
8672 8
10129 7
6715 10
6044 10
6345 7
2080 9
5902 9
3458 10
1284 7
5141 9
337 9
4788 10
11776 9
8959 8
10604 7
2144 8
6468 7
12037 10
5759 10
5008 10
9215 7
10641 7
7767 8
667 8
1123 10
568 7
4688 10
11641 7
6767 8
9367 9
1772 10
1023 10
12137 10
12445 9
8215 7
5108 10
1522 8
6871 8
12128 8
9432 9
9913 10
10825 9
9477 9
10023 9
6971 10
12262 7
971 8
11023 9
5139 9
5728 10
12046 10
5301 8
7834 8
9997 7
12227 7
10912 7
1152 10
8560 10
8231 10
9706 10
1100 7
8921 8
2304 9
6455 7
6035 10
2179 8
10639 7
7253 10
60 8
8964 8
3429 10
8127 8
9921 8
7882 7
12478 9
9157 10
2276 7
7410 7
9606 10
8186 10
3179 8
5723 7
4494 8
8641 7
3184 8
6333 8
9999 8
4806 8
2827 10
4238 9
5104 10
1666 8
4784 10
8999 8
5045 8
7376 8
11959 8
4262 10
2982 8
2927 10
11322 9
11591 10
4891 10
7099 10
4467 7
736 10
2485 10
11637 8
7626 9
8226 8
10540 10
2163 10
581 10
3305 10
5768 8
636 10
4991 10
9263 8
11538 7
4181 9
3278 8
481 10
3554 10
6148 10
9226 8
3803 9
10272 10
11745 10
5823 10
11014 10
2448 8
11801 8
6164 7
2651 10
3366 10
3396 7
9719 7
10794 10
755 10
6962 7
582 9
45 10
8082 8
3537 10
2000 10
10801 8
5212 7
827 7
2751 10
11114 10
655 10
12371 8
104 10
862 7
9453 8
3635 9
2396 7
3118 9
3320 8
9146 9
4301 10
5636 10
940 10
8832 7
7298 7
10557 9
9940 9
5481 10
5067 10
11850 10
4550 10
5630 8
2118 9
8597 9
2944 10
1359 7
403 8
8940 9
1788 7
6265 7
11343 8
11069 10
4113 7
11792 8
5688 8
4915 7
3446 7
11306 8
9034 10
9765 10
252 9
728 10
5867 9
38 10
1607 9
9717 8
4822 9
1875 10
6156 10
7461 10
11009 7
12035 8
8418 7
5587 7
4024 9
4867 9
8403 10
7220 7
5915 7
10306 8
6929 8
9383 8
9665 10
1031 10
4531 8
3021 8
6647 8
1760 10
2839 10
4709 9
6912 10
3064 8
9879 8
9970 10
396 8
8247 9
2021 8
2939 10
9370 7
11656 9
12292 10
2064 8
1920 10
9587 10
7534 10
11287 8
9148 7
8207 10
2910 7
6652 10
6103 10
10613 8
9696 8
3862 9
2028 10
5406 7
8599 7
9630 10
8307 10
670 7
8456 10
9161 10
7683 10
7770 7
5894 7
9202 8
10287 8
1312 9
6947 10
3749 9
11978 10
4259 9
1735 10
10792 9
1064 10
1293 8
968 10
8717 9
217 8
2398 9
5061 8
1164 10
6847 10
4229 10
11878 10
5259 9
1482 10
1508 7
8752 9
2534 8
5024 8
9825 10
9620 7
7896 10
6434 7
2155 10
4393 7
10227 10
11710 10
11557 8
4707 7
44 8
5675 9
4630 9
7318 10
11141 10
11610 10
7449 10
2704 10
3233 10
4408 8
7434 7
1487 9
2055 10
4675 9
1013 9
6498 10
10186 8
3365 9
151 10
3084 10
2217 7
6991 9
600 10
5663 10
10493 9
2811 10
8564 7
1019 10
1543 8
11936 7
1192 8
10844 9
915 10
2911 10
1648 10
8884 9
1119 10
7855 8
5032 10
11805 10
4180 10
7988 10
3005 8
1908 9
11966 10
3040 8
3491 8
10672 9
2872 10
5987 8
4080 10
6529 7
8263 9
2491 8
4237 10
9785 7
763 10
848 8
1380 7
8548 10
6204 7
3462 7
285 10
5815 10
8319 10
12229 9
9733 8
8448 10
5974 7
10367 8
11122 10
12485 8
9776 8
5931 7
385 10
8853 7
11095 7
8010 7
8816 7
5989 7
8997 10
4469 9
6527 8
2848 7
1007 10
1037 8
8162 9
1338 7
6628 7
462 8
9010 7
10095 7
2341 8
1107 10
5280 8
6824 10
12013 10
8897 10
132 9
7871 9
9753 10
11825 8
6586 10
11066 8
3726 7
934 9
2611 9
1943 10
177 9
2429 8
6731 10
10568 10
10239 10
6060 10
4795 9
6486 10
8364 10
8435 10
4344 9
491 7
5968 10
5273 7
7306 10
4139 8
6160 10
846 7
6077 9
8444 10
9173 10
2036 7
10776 8
12400 8
9622 10
8315 10
4454 9
6722 9
9322 8
6111 10
7426 10
2073 7
10419 10
3942 9
4411 9
389 10
3101 9
888 8
7791 10
2595 9
9073 10
289 10
1932 10
5819 10
2339 8
9595 10
1428 7
2886 8
1176 10
1627 10
2451 8
9745 7
12062 10
6855 10
5590 8
8700 7
7984 10
9937 10
1590 10
4947 8
12368 8
3414 8
8745 7
6955 10
1727 10
3451 8
4902 8
1970 9
8439 10
8368 10
612 10
3096 10
9066 8
12395 8
11153 10
3038 8
3570 10
2047 10
2716 10
3221 10
4528 8
4627 7
3196 10
11477 8
7423 9
10082 10
6180 7
8860 8
1004 7
2147 10
2616 10
2200 9
11702 10
11053 10
10564 10
807 10
11127 9
2715 8
10055 7
9893 7
5691 8
5078 9
8536 9
10010 7
5020 10
11817 10
7975 8
6828 10
6173 8
6930 8
4205 8
7239 7
12251 9
5120 10
1426 8
6975 8
4346 10
11853 7
2803 10
10162 9
2358 9
1639 10
2960 10
4574 10
11874 10
2160 8
4225 10
7392 8
7743 8
6409 7
4092 10
4474 10
11974 10
6706 8
9306 9
4325 10
4470 8
1068 10
12424 9
3358 9
4648 9
1739 10
4192 10
12461 9
7438 10
5907 10
4120 9
3513 10
6687 9
3475 9
2995 7
2507 7
787 9
2124 10
3413 10
1634 7
297 10
11761 10
7256 9
10507 10
4017 7
61 10
3507 7
4854 7
11247 8
7868 8
5165 9
5771 8
1644 10
11453 9
11809 10
4509 10
8885 10
12286 7
819 10
8801 9
5289 10
4409 10
8175 7
4358 10
1015 10
1744 10
10416 9
6093 8
1583 8
77 7
9186 8
10103 8
966 7
125 7
1096 9
7314 10
11249 7
5353 7
1851 10
10905 8
9980 8
6494 10
7823 7
5316 7
8376 10
9512 8
2159 10
2608 10
6866 7
6723 10
10249 7
486 9
9658 7
7112 9
11146 8
8276 10
11905 8
9289 7
6594 10
7830 10
12261 10
4038 10
10486 7
832 8
8398 8
7932 8
10814 7
1424 10
11160 9
877 8
4108 7
7977 8
12364 7
1693 10
3717 8
6171 8
9571 9
6798 9
11814 7
12253 9
10966 9
4669 10
4138 10
8097 7
10923 9
3383 8
2568 10
4386 9
7625 10
10475 8
6464 9
12397 8
1886 10
9421 10
3879 8
7516 7
7725 10
11475 8
6182 7
8862 8
2468 10
4660 7
11430 8
1845 7
8016 10
9521 10
8827 8
1986 10
4714 10
12020 7
5106 8
5572 10
4045 10
7270 8
148 9
1459 10
12065 7
5143 8
10313 7
4209 7
2453 8
7235 8
11261 9
3884 8
12152 9
6048 9
4145 10
10972 10
1189 9
6270 8
9670 9
8747 7
5194 10
1725 8
6235 8
4900 8
10774 8
2515 10
752 7
7658 10
7109 10
6720 9
411 10
4881 9
717 7
12447 8
340 10
3295 10
10381 10
12096 8
3940 9
6765 9
10767 10
6283 7
7009 10
9829 7
8320 8
2146 9
3034 7
2415 10
665 9
8365 8
511 10
240 10
10101 8
7027 7
2090 10
472 10
127 7
323 10
1094 9
4858 8
5351 7
8108 10
921 7
1638 8
10144 8
7062 7
12232 8
11462 10
9510 8
11084 10
2190 10
11942 8
5858 8
6864 7
7953 9
11233 10
10704 10
853 9
11144 8
12178 7
3610 10
2327 10
2476 10
3141 10
8982 8
7328 8
8846 9
8005 9
4291 10
7897 8
12284 7
4777 10
540 8
8040 9
11414 9
3905 10
30 7
1956 8
11523 7
6440 8
9040 9
5411 10
5050 7
12176 8
9442 10
11909 7
6697 10
9611 8
2997 7
8493 10
5015 7
9429 9
10679 10
7117 10
8724 10
785 9
8285 8
11200 8
9542 10
354 9
5122 9
10028 10
7746 10
4015 7
10779 10
8611 8
311 9
4738 7
3228 7
604 8
3978 10
641 8
2964 8
9304 9
3162 8
2228 7
1216 10
3878 10
1680 8
6390 8
9790 9
1781 10
6014 8
9414 9
12336 9
1541 8
4327 8
9991 10
10846 9
9566 7
5 10
5919 9
8840 10
11278 8
5362 8
12244 7
12273 10
9891 10
7812 8
1436 10
1367 10
3909 10
912 8
1965 7
11728 9
5898 8
8907 8
1994 10
1163 7
4705 7
7737 10
10059 10
8942 8
8101 8
2681 7
9433 10
11188 10
7480 10
4677 9
1852 9
3367 9
10555 8
1229 8
10608 10
9684 10
8667 7
2639 7
5186 10
4063 8
7859 7
6350 8
959 7
5331 10
10233 7
4329 7
215 8
6859 7
7350 8
5231 10
5026 8
7781 8
2860 9
4441 7
3387 10
503 10
6737 7
7294 9
9909 7
4896 7
8200 8
5576 9
2825 9
2407 10
2356 10
3661 10
352 10
10611 8
48 7
9245 8
8628 10
7772 7
6600 9
9200 8
11413 10
6593 7
11221 10
973 9
130 9
10047 10
4870 10
2464 10
3153 10
8608 9
4234 7
2335 10
308 8
2613 9
11096 10
231 10
11021 8
6107 7
2564 10
7901 7
3287 9
2235 10
7593 7
7178 10
7629 10
10147 10
11470 10
331 10
5271 7
10021 8
2082 10
6836 9
9358 8
8851 7
3306 8
10903 10
5403 10
6389 9
1070 8
4665 10
10398 8
3792 8
3938 9
10749 8
5503 10
5616 8
9851 7
9012 7
10403 7
4283 10
10891 7
11571 9
9057 7
5496 9
8581 10
2419 10
2348 10
8736 10
3399 10
8774 8
2519 10
7692 7
9731 8
3557 9
2425 7
5976 7
10365 8
7654 10
6109 8
9509 9
3299 10
9774 8
9450 10
5933 7
6685 10
9301 10
1371 8
3844 8
1204 10
12310 10
4149 10
4618 10
3801 8
1334 8
3042 8
3493 8
7841 10
8488 8
5552 8
9787 7
8261 8
5517 9
2844 9
11558 10
3936 7
7701 10
4465 7
559 8
6567 10
11635 8
8224 8
2801 9
3973 7
5183 9
10589 10
9505 10
8032 10
7601 10
4958 10
1149 8
10635 8
8385 10
1598 8
4517 9
5420 7
9405 10
8132 10
10489 10
448 10
7387 7
6624 9
4552 9
7914 10
12414 10
4496 8
12345 10
8643 7
3186 8
11217 7
4002 8
1351 10
6838 7
12161 7
5047 8
7814 10
12245 10
11365 9
2186 8
4348 7
5002 8
8876 10
10683 7
2360 10
8358 9
460 9
8923 8
6880 7
7560 9
535 10
6457 7
1904 7
9578 10
980 7
9160 8
2260 10
682 10
1248 8
5764 7
10571 8
364 10
11955 7
12469 10
7969 10
3656 8
9430 9
12338 10
5456 10
9475 9
3613 8
5498 7
10862 9
2893 10
897 10
2287 8
11827 9
5797 8
7873 8
10955 7
4730 10
8430 9
4061 10
5556 10
5978 9
2993 10
7836 8
12225 7
4587 10
4049 7
936 8
1355 8
4533 8
11763 7
6645 8
9694 9
4653 10
5364 10
3825 8
5435 10
4102 10
9038 8
11611 9
394 8
8868 10
3369 7
5782 10
8245 9
11654 9
4753 10
12450 7
700 8
10726 7
10835 10
4952 7
11179 9
5897 10
11790 8
8381 8
681 9
3165 10
2452 10
6579 10
5865 9
10179 9
10790 8
7267 7
3583 10
456 10
11446 10
4946 10
6328 10
5585 7
4026 9
6479 10
10620 10
8888 7
5917 7
9381 8
3065 10
2552 10
8915 10
11999 10
3959 9
1817 8
3322 8
1054 8
12477 10
10948 10
5448 10
12326 10
9101 9
10184 9
1232 10
1563 10
8144 9
10462 7
5632 8
4599 10
9875 7
7501 8
2367 8
889 10
1463 10
46 9
12380 7
9830 7
10848 10
893 8
11491 8
6960 7
580 9
8080 8
6504 10
6123 7
10803 8
7925 7
9337 10
8151 10
7384 10
1504 9
9669 9
7662 10
7133 10
6051 9
9451 8
2394 7
3018 10
9417 10
10750 8
9346 10
776 7
3921 9
5992 7
6704 9
6475 10
10715 8
8397 10
2816 7
12463 8
1251 9
8848 7
3127 9
4992 7
8304 8
9517 10
3638 10
9848 7
2127 9
7741 9
8297 10
7042 10
8790 8
7713 10
3816 7
7579 8
290 9
10372 7
8654 9
9726 7
8864 10
5924 8
5539 10
10839 10
129 9
7806 10
5268 10
4 8
11372 7
3432 8
5439 10
1512 10
6211 8
9005 8
7388 10
1115 9
376 10
427 10
3818 8
6408 10
2785 7
6359 10
10100 10
3745 10
7532 7
4601 7
1067 7
276 10
2694 10
11451 8
11669 9
5773 9
505 9
191 9
7091 9
11266 10
10751 10
4837 10
484 8
2981 10
7155 8
8555 9
4169 7
8819 10
7916 8
4595 10
2776 8
7110 8
4073 10
5215 10
5169 7
4223 8
1445 8
6916 8
11995 10
10942 9
1089 10
6584 8
8427 7
6110 8
4173 10
11875 7
9982 9
10907 9
1892 8
7518 9
418 9
2597 8
4010 10
10827 10
7720 8
5276 10
10292 7
9217 7
4759 7
11509 8
5427 10
4110 10
10927 10
12349 10
7918 10
12418 10
11643 7
9365 9
2249 7
4413 8
1275 8
10632 10
11454 10
4954 10
3077 10
5837 7
5985 10
4143 9
315 10
4592 9
10261 8
444 10
2440 10
12218 7
11224 8
2311 10
11205 10
8670 8
10968 7
5885 10
11059 9
9258 10
5757 8
1320 10
2696 8
5712 8
564 8
10542 7
4458 7
1197 10
2879 9
6619 9
7965 10
1571 10
4757 8
9862 9
6421 8
10430 9
11193 7
12183 10
11542 7
10125 8
7121 10
103 7
9749 9
9398 9
1288 8
8143 10
9474 10
7046 7
12216 8
5330 7
9325 10
368 10
6977 9
10358 9
4242 9
597 7
6516 10
12119 7
7021 10
1513 7
6247 10
11358 9
539 10
2383 9
6046 7
7296 10
9225 10
2230 10
10034 8
1748 8
851 7
5264 7
12342 8
6258 8
6689 8
11324 10
9460 8
3606 9
2087 10
465 10
7157 7
5221 7
10698 9
4782 9
334 10
4353 9
1535 9
9428 10
6025 9
10042 10
11575 10
160 9
923 9
6112 7
1402 7
2461 10
11093 10
565 10
2187 10
5928 8
234 10
7839 10
5257 10
8973 9
4031 10
5506 10
3912 10
2787 8
11564 9
5297 8
4286 10
4549 7
4198 7
3488 7
8042 7
10906 10
6530 8
9130 9
5198 7
8007 7
10521 9
2059 7
6575 8
4908 10
8484 10
10335 8
5926 7
349 10
3193 9
6213 7
11259 10
7588 8
10288 10
1746 7
8733 10
9204 10
9555 10
6780 10
518 10
5811 9
11148 9
1397 7
249 10
7844 10
12215 10
1301 10
5547 8
6895 10
2012 8
774 8
3057 8
4547 8
1550 10
12444 10
8343 7
3012 8
1364 8
12187 9
2789 7
8926 10
4990 8
11383 7
9536 7
4298 10
2622 8
907 8
144 8
1684 10
3568 7
7827 10
8893 9
10818 10
11484 9
2667 8
1362 10
1433 10
10964 7
101 8
3622 8
1784 10
10228 8
1554 8
1185 8
8945 10
3667 8
11964 7
1511 8
7927 10
5418 10
9994 10
3372 9
2099 10
8650 10
9436 10
6551 9
3337 9
1802 9
3048 10
1041 9
5755 7
7632 10
6305 10
2245 7
7163 10
4710 7
8001 10
8114 8
1991 10
4755 7
6423 7
7180 9
5870 8
12150 7
5234 10
2566 8
7300 8
6809 7
9672 7
10311 9
12067 9
1655 8
5379 7
10354 9
4603 10
6300 8
11226 7
4152 10
2101 7
357 10
10290 8
18 7
9068 9
2907 7
5454 7
3875 9
11416 10
5085 7
9250 8
3036 9
10670 10
11347 10
2830 9
10999 7
3382 10
7650 9
8250 8
9959 7
8681 8
11604 8
2353 10
3664 10
8068 9
11081 10
7105 9
8505 8
1567 7
226 10
2195 10
11151 8
10701 10
2726 9
10050 10
11957 8
7378 8
2473 10
3144 10
2322 10
8191 8
4808 8
326 10
477 10
10151 8
11181 10
10580 8
5344 7
6378 8
2573 10
2222 10
1668 8
10601 10
6140 9
9540 8
4967 10
11467 10
6903 9
1594 8
6084 8
5469 7
1145 8
4723 8
25 7
10444 9
11536 7
5414 10
3276 8
4672 10
7455 8
555 8
184 8
9127 7
11401 9
9898 10
510 8
4772 10
8228 8
3900 10
982 8
3510 7
4843 7
6792 10
8721 10
9216 10
11068 9
5172 9
3982 7
7690 9
3555 7
7012 10
179 8
790 9
8479 9
3139 10
8621 10
12126 8
3768 10
2184 7
5806 7
12163 8
6374 10
233 7
3971 8
1244 8
10538 8
4422 8
6754 8
9354 9
6987 10
8934 10
1201 8
3934 8
1542 10
1213 10
1039 9
12307 10
10969 10
9129 8
5338 10
7956 10
12456 10
2971 8
7856 10
12190 7
8311 9
2177 8
1609 9
1474 8
10308 8
11042 7
11493 7
5589 7
8416 7
12246 9
9886 10
10007 7
11130 9
8857 10
1696 10
3448 7
12334 7
11228 10
6546 10
11425 8
4879 10
11579 10
8742 10
1983 10
238 10
569 10
7991 7
12382 8
1922 9
9071 8
6446 10
7503 7
7171 10
11328 10
4979 10
11479 10
7620 10
6317 10
6649 8
9249 9
338 10
9877 8
4742 9
7197 7
3252 9
7546 7
3683 9
9424 10
9375 10
7497 10
6018 9
6220 8
4140 10
8383 7
12448 10
4611 10
5326 10
829 7
4950 8
12219 10
10877 10
320 8
12070 7
5226 10
7848 10
11274 9
7265 8
10343 7
2891 8
10762 10
11255 10
7199 8
10033 10
7548 8
11724 8
6602 7
2153 9
8335 8
6296 7
635 9
1786 7
514 10
2510 10
12452 8
10724 8
3776 10
1489 8
8879 7
12083 8
6199 8
9599 9
3955 9
4406 9
11404 10
4904 10
7647 7
414 10
6735 9
10384 10
4644 10
10922 10
1509 10
10559 8
4443 8
11613 7
3582 8
10188 8
1358 10
8148 8
10656 7
10822 10
2582 8
5092 8
5443 8
5795 10
118 8
2097 9
12248 7
2445 10
5156 9
7708 10
10066 10
8620 8
10737 10
7059 10
6783 7
3571 7
210 10
6088 10
8665 8
5880 10
7608 10
7783 7
7159 10
10637 10
2214 10
10274 8
3097 9
12102 8
10009 9
1775 9
3403 9
10480 10
5980 10
11938 7
2571 7
7960 10
4639 10
11186 7
10425 9
1225 10
3217 8
6298 9
1161 8
1092 10
5408 7
1967 8
8071 9
7860 10
7649 9
12231 10
4068 10
8877 9
10980 7
12086 10
2369 10
2747 9
7962 9
9097 10
6810 7
5686 9
11175 8
219 8
2702 9
11308 9
1506 7
7293 10
5325 7
6342 10
7810 7
10936 8
2635 7
7053 7
2269 10
2538 10
9320 10
10973 8
7016 7
8146 10
955 7
3702 9
7754 9
8354 8
2132 9
5422 9
1336 7
6096 10
6626 7
9818 7
5467 9
8129 9
7047 10
726 7
5550 7
10700 8
2040 7
9412 10
3132 9
12433 8
5515 7
7616 10
10178 10
10629 10
7147 10
7663 7
6470 10
3177 9
4931 8
5238 7
10068 8
1714 8
6079 9
7903 10
9290 9
9641 9
3427 8
7948 7
3828 10
1751 8
4137 8
7204 8
11681 9
10322 7
11250 9
7241 8
7079 9
7803 10
12252 10
3341 7
4651 7
11785 10
8055 8
2377 10
4614 7
7628 8
85 10
11263 10
10754 10
10893 8
4989 8
8609 10
8158 10
3848 8
373 10
2791 10
9189 10
9853 8
2277 10
695 10
6882 9
11990 10
10369 8
12198 10
3763 8
1887 8
5310 10
1450 8
4236 8
4176 10
5441 10
6591 8
9778 8
10860 7
4590 10
11369 8
2763 8
7591 8
880 10
278 9
8778 8
5210 10
4076 10
10841 10
8540 9
12094 7
10733 7
5563 8
3339 7
10830 10
750 8
4756 10
5261 10
1849 7
6615 8
3073 8
4563 8
6650 8
5430 10
4107 10
5361 10
1791 8
6281 8
9681 9
8322 7
3523 9
10492 10
4033 9
302 10
453 10
3586 10
3566 9
11443 10
4943 10
6138 8
3060 10
2557 10
3731 10
5947 7
694 9
202 10
3486 10
6237 7
2523 9
8029 10
245 9
1762 7
2306 10
6272 7
2372 8
7514 8
886 8
1466 10
12223 10
8580 9
7872 10
9860 7
8369 8
12194 10
6986 8
8910 10
2038 7
10778 8
4662 8
2888 10
5528 7
8023 7
12323 10
1279 9
12472 10
7972 10
1490 8
6769 9
8154 10
9463 10
9332 10
8605 10
5240 7
4949 8
7136 10
10658 10
1729 8
7930 7
10109 10
5205 7
6239 8
10484 8
7281 10
8095 8
11789 10
595 9
6501 10
3715 7
7036 10
6250 10
8639 9
11816 8
10665 8
6462 10
4196 9
9231 8
7706 7
8137 10
10418 9
6674 9
9274 8
3598 10
731 9
1682 7
2318 10
11665 8
6562 10
8009 9
5196 9
4435 7
7704 10
3498 10
8037 10
11620 8
3160 7
8188 8
5017 8
12131 7
261 8
488 9
5854 8
11335 9
10696 7
8559 8
12174 7
11370 9
5799 10
11599 8
1449 9
8613 7
11696 7
3995 8
9559 8
7911 10
1671 8
6588 9
1098 9
10370 9
10599 8
4483 8
4052 8
6324 8
3542 8
4811 8
5318 7
11371 10
193 7
7679 10
9973 8
4297 9
7442 7
1218 8
11697 10
361 10
608 8
3224 7
3652 10
2365 10
12189 7
10746 10
7530 9
2683 10
530 10
8936 8
8658 8
11034 9
892 10
4064 10
10853 10
10146 7
2606 8
8289 8
9557 7
2292 8
4019 7
7025 8
8425 9
4164 10
10953 10
1399 9
1570 8
8512 7
11940 7
8557 7
10071 9
2754 10
2752 7
10012 8
5242 7
2005 10
5693 7
7348 10
7419 10
1981 9
5207 7
3785 10
8749 7
4375 9
9403 8
3665 9
11011 10
5826 10
4693 7
11740 10
2654 10
3363 10
3752 7
6134 7
2418 8
11486 8
4207 7
6932 7
416 8
4204 10
5089 9
8116 9
2941 10
1618 10
9064 7
884 8
5625 8
8153 9
8582 9
2841 10
6984 8
3148 9
9955 9
1006 8
9116 9
10193 9
8021 7
12098 8
3890 10
945 10
10984 10
5484 10
1800 8
12449 8
3335 8
2729 10
1870 10
3521 9
6347 9
1657 9
7464 10
2884 7
8357 10
7182 10
8099 7
8406 10
8396 8
5209 8
6053 10
3453 7
7564 10
5872 9
4106 7
879 8
9031 10
4945 7
9448 7
6817 10
4279 10
10731 7
2832 8
5561 8
7283 8
8683 9
7652 8
8252 9
5524 8
12402 7
4388 9
6617 8
3832 8
3249 9
12120 10
4428 10
3877 8
1283 10
9975 10
9683 9
9816 10
2604 8
8462 9
162 8
7821 8
12043 10
11830 9
964 8
1157 10
7864 8
228 7
9462 9
11907 7
8510 7
8184 7
6974 10
3479 9
2999 7
3290 8
9603 10
5736 7
4295 9
7440 7
10566 8
997 7
9934 8
5938 10
7356 10
7407 10
4439 8
6287 10
6091 7
9278 7
1581 7
75 8
2129 8
3263 7
6405 7
6030 10
8177 8
1913 10
12133 7
6029 7
8763 9
5856 8
10694 7
5813 8
8726 9
2540 8
11836 10
2922 10
10337 9
11694 7
12041 9
1673 8
7029 7
12389 10
6363 8
3505 8
3191 8
4481 8
5650 10
3540 8
10667 8
2580 10
8179 7
8349 10
9233 8
3055 9
3200 10
11568 7
5472 7
3853 9
10445 10
5945 10
11172 10
6676 9
8249 10
733 9
8233 8
11594 10
4894 10
8518 10
6741 7
4437 7
3964 7
7676 9
10214 10
11888 9
1190 7
10783 10
6812 7
11934 8
11177 8
52 10
11752 10
7166 9
11003 10
10278 7
4362 7
3420 10
2117 10
2646 10
12201 8
642 10
113 10
2637 7
8669 7
4255 9
2017 10
2746 10
2672 7
11652 10
3700 9
11103 10
5934 10
10434 10
4210 9
6925 9
957 10
3882 10
11184 7
6473 8
11982 7
4391 8
3068 9
4578 9
3681 8
4316 10
5621 10
4740 8
2215 8
6739 7
5596 10
9942 7
10510 7
2250 8
4216 10
5721 10
8875 9
4898 7
9907 7
9144 7
9023 10
2095 9
4865 7
7090 10
9772 10
9568 7
8622 8
6041 10
7576 10
3573 7
4820 7
6710 10
1962 10
5952 9
8568 7
6222 9
2536 7
9123 10
250 7
12100 8
9394 10
5820 7
5063 7
7327 10
5949 10
1262 8
1291 10
9372 9
11285 7
1819 9
9967 10
1227 8
1777 10
4090 8
12132 10
11726 9
9867 10
12285 10
10654 7
6805 10
1417 8
3761 8
10153 9
12151 10
7208 7
1452 8
11064 7
10988 10
5488 10
11859 10
4559 10
5049 9
4208 10
12051 10
8995 9
2559 9
12357 7
4978 7
844 8
1614 10
9804 10
5588 10
6208 7
1718 7
7142 8
8542 9
801 8
6525 7
3343 7
6773 10
1035 7
7244 10
557 9
7457 9
2658 10
6560 7
7412 9
8012 8
2274 9
2009 10
11398 7
7525 7
7344 10
3009 8
1941 9
6412 9
9140 10
8477 10
10252 9
4933 8
6206 8
3460 8
5113 10
11924 10
1716 8
4170 8
1382 8
10217 9
8731 7
3425 8
12359 8
10320 7
5013 10
11824 10
2289 9
5742 10
4275 10
1138 10
11252 9
2930 10
1419 7
792 8
938 9
11731 10
10206 10
7568 10
2973 9
5857 10
11060 10
287 9
8787 8
2175 9
9059 7
721 10
11747 8
3007 7
6661 7
2492 10
496 10
2074 10
3543 10
3308 8
2042 7
7624 7
3130 9
7468 10
7339 10
621 10
12431 8
9968 9
2007 7
2592 10
170 10
10396 8
4420 8
1246 8
9356 9
11670 7
11971 10
2865 10
6387 8
12474 9
1203 8
9313 9
3175 8
188 7
5046 10
8968 8
9261 7
12192 7
5465 8
2670 10
292 10
1929 10
5348 8
3512 7
4841 7
10118 7
2121 10
3416 10
5170 9
5802 10
11683 8
7206 9
11764 10
10253 10
7838 8
8292 8
4804 7
2980 7
10402 10
3247 10
5841 7
274 7
12124 8
1753 9
8509 7
9639 10
6243 9
6692 9
674 10
1596 8
8125 7
4519 9
6086 8
8980 10
4721 8
1147 8
1010 10
8160 7
11534 7
3274 8
10097 9
7758 7
1102 8
1641 10
11891 9
12004 10
6833 10
186 8
11403 9
5519 9
10534 7
11097 9
9923 7
7880 8
1954 10
7944 9
7211 10
1565 7
91 8
8795 10
19 10
2724 9
709 10
1520 7
8273 10
8522 10
10099 10
11219 7
175 7
1854 10
4498 8
3188 8
6944 9
9644 10
5346 7
6491 10
9115 10
8422 10
158 10
12058 9
6142 9
3724 9
2388 10
672 9
1310 7
8541 10
8909 9
1937 10
3359 10
3408 10
2912 9
9590 10
7272 10
3023 7
9627 10
8310 10
7694 10
2066 7
8441 10
9176 10
3114 9
12081 8
4404 9
8038 7
12415 8
11429 7
5533 7
9490 10
10763 8
7645 7
2023 7
3151 9
1837 10
7981 10
8750 7
4917 8
11304 7
1998 9
3639 9
5609 10
12167 10
5158 10
3401 8
9667 9
2444 8
7222 8
10304 7
1478 7
5154 8
9832 10
2401 8
10341 7
5709 10
5329 9
5058 10
9715 7
573 9
6993 7
8830 8
10087 10
7473 9
8073 8
5391 9
2068 8
11056 10
11707 10
8036 8
10427 8
146 10
3093 10
6638 10
5961 10
1126 9
11607 10
6169 10
3250 9
7544 7
3575 10
7269 7
5392 10
10177 9
4684 8
11803 7
11912 10
11040 7
8414 7
10132 9
2806 10
10971 9
802 10
12373 7
860 8
10005 7
9080 7
8523 9
10491 7
4919 7
11812 10
5025 10
11667 9
9341 7
7633 8
5545 8
4085 10
2977 10
2010 8
11863 10
2853 8
5705 10
12426 7
6899 9
11715 7
3010 8
11963 10
1366 8
12185 9
4332 10
10888 8
12279 9
9763 8
7698 10
12490 8
11390 10
8429 7
5167 7
666 10
2284 10
2477 7
4813 9
6118 10
4050 9
10410 10
3255 10
380 10
2432 7
2384 10
766 10
4924 7
7363 9
2505 9
7798 10
263 9
11290 10
2778 8
2133 10
3355 10
2662 10
88 9
11027 10
432 8
6678 7
8971 9
5644 8
9803 7
5295 8
5601 8
1653 10
7577 8
8892 10
9846 7
6821 10
8491 7
12428 8
6532 8
10523 9
5678 10
2818 7
6577 8
1824 8
10036 8
9656 10
6483 10
10875 8
12340 8
8728 7
7452 10
6634 10
5223 7
7303 10
12305 8
4780 9
1537 9
7584 7
6027 9
3641 9
9728 7
9007 10
11036 8
4266 7
1400 7
6953 7
9756 10
6155 7
7552 10
6065 10
11073 8
6734 10
10339 7
10643 8
2103 7
7431 10
7765 7
7360 10
3071 9
5881 7
1825 10
12399 9
7686 10
8453 10
9164 10
1793 9
1939 8
2905 7
4524 9
5087 7
2698 8
5388 8
2071 9
7617 9
8217 8
6006 10
3103 7
9582 10
7260 10
10509 7
778 10
2877 9
68 10
2034 9
8829 9
4456 7
8202 10
12117 7
2969 10
9635 7
11787 9
7979 9
11356 9
9820 10
6796 8
9396 9
8635 7
3719 9
1286 8
6942 10
1061 10
4872 8
1730 10
2869 10
10356 9
7993 10
7499 7
6302 8
1587 10
4089 8
3370 9
8699 10
10473 10
3599 8
1858 10
9119 10
9153 8
5386 7
8219 7
7421 7
2150 10
4712 7
1958 10
2601 10
10573 10
8955 8
705 10
1131 7
3181 10
3696 7
9748 10
11012 9
10160 7
5037 10
4500 10
5766 10
810 10
1659 7
5375 8
7840 8
5137 10
4400 10
4351 10
5666 10
5839 7
1556 8
10851 9
2814 10
6003 8
7349 7
910 10
8571 7
10057 9
698 7
11423 8
10528 10
7246 10
2029 8
6997 7
1903 10
7477 9
6297 10
6540 7
8575 10
9042 10
9713 10
532 9
12384 8
1803 10
10379 10
2363 7
7417 10
8193 10
11769 7
6671 10
10428 10
3029 8
4744 9
1961 9
3254 9
6432 9
9032 8
8475 10
9142 10
10466 8
9613 10
1437 8
8084 7
6127 8
3741 8
3390 8
12153 10
11807 7
1472 8
11044 7
3704 8
12078 8
6162 8
9906 10
10842 7
9084 7
10495 7
9410 7
6228 7
1738 7
2110 9
11733 10
11062 10
1314 7
11722 8
6604 7
7733 9
6290 7
4884 10
2916 9
3864 7
11767 8
12085 8
11162 10
5955 10
10455 10
741 7
4094 9
623 10
172 10
9333 8
8408 10
3440 8
11926 10
5111 10
4377 10
11794 7
8711 7
12379 8
11345 7
4691 10
4115 8
7226 8
11826 10
5011 10
4526 10
4277 10
5740 10
2932 10
5368 9
4791 10
1439 7
10345 7
6129 7
7818 9
1900 8
5494 10
9918 10
1059 10
23 7
4558 9
2851 10
1708 10
1945 8
3270 8
5623 10
4314 10
1106 8
5594 10
8810 9
3980 10
7082 8
4545 10
11845 10
4214 10
5760 8
1159 10
12297 7
840 9
6289 10
8503 8
2765 9
10781 10
50 10
11750 10
805 9
4793 7
7258 10
10536 10
11001 10
2115 10
3422 10
1524 7
6877 7
11951 8
7597 9
8197 8
640 10
5307 7
7832 7
8298 7
12221 8
10914 8
111 10
10681 10
7877 7
10951 8
6597 9
2744 10
7409 10
9546 8
5936 10
11101 10
7358 10
1456 9
928 10
3134 8
9783 9
9965 10
12387 10
3932 8
3798 9
4461 8
4288 9
11631 7
10743 9
8929 8
8783 9
12287 10
283 8
828 10
7752 8
8352 9
1108 7
5659 9
2349 9
4269 10
6807 10
1124 10
9021 10
9770 10
979 8
3984 7
5937 9
9296 10
8296 8
7574 10
6043 10
4800 7
2619 8
7225 10
1625 7
10159 7
4043 7
2421 9
4174 9
1712 9
12318 9
9121 10
10256 8
7370 7
5845 7
8347 10
4972 9
10213 8
4309 8
2553 7
7335 7
3619 8
5043 7
8689 7
6980 9
9601 10
8336 10
6385 10
2206 7
1811 10
5382 7
4621 9
2019 10
8181 10
6663 10
6132 10
7405 10
2243 7
9701 10
8567 10
11197 8
2374 9
3699 10
10649 7
7254 10
6032 10
8586 8
1911 10
7557 9
8914 8
2119 10
9814 10
901 8
10164 7
8442 9
142 8
7007 8
11482 9
5371 8
1155 10
1552 8
10855 9
1183 8
4598 9
6007 8
11962 7
4371 8
1055 10
4318 10
12325 9
10647 8
9868 9
2107 7
8588 7
631 10
10296 8
3075 9
11496 10
2735 10
3202 10
1797 9
2901 7
3873 9
1346 9
11170 10
10447 10
3030 9
7478 10
7613 9
11296 8
11596 10
2482 10
11647 8
1271 7
5520 9
5847 10
10199 7
2030 9
3302 10
11602 8
10548 7
586 10
2164 10
9869 10
2525 8
5876 8
4783 10
11317 9
838 9
692 8
10220 7
5003 10
11352 9
1128 10
6938 9
9392 9
8631 7
9969 10
1779 10
3758 9
1028 10
5652 10
3560 8
6868 10
11857 10
8136 9
11562 9
5478 9
2781 8
2943 10
5291 8
10886 10
8930 9
9842 7
10562 9
4306 10
11410 7
1865 8
3892 10
947 10
5486 10
10986 10
4605 8
12280 9
739 7
2772 7
5262 7
12344 8
4310 9
11642 10
10375 10
3294 9
3787 10
652 10
12301 8
8328 10
8769 7
7580 7
9423 8
10524 10
5824 10
7825 9
10275 10
6114 7
2656 10
3430 10
6957 7
10793 10
7023 9
8423 8
42 10
6151 7
11077 8
5190 8
12022 10
2480 8
2051 8
9794 7
737 8
2812 8
12467 7
11626 9
6637 8
8345 7
3014 8
11754 7
1281 10
7538 7
3501 9
498 10
1677 9
12494 8
7337 10
5163 7
10333 8
7466 10
7215 7
3544 9
4054 9
8468 7
12000 8
5126 7
9662 10
8404 10
11488 10
7237 10
4920 7
6215 7
7566 10
1972 10
7080 10
11588 10
9468 7
1391 7
2501 8
11333 9
2739 9
6840 10
12172 7
1485 10
8722 9
2544 8
9822 10
859 9
6940 10
4011 8
1063 10
1732 10
4852 8
9922 10
1898 9
9988 8
12238 8
8281 7
10663 8
7433 10
6104 10
9480 10
3269 8
11529 7
7362 10
3812 9
1327 9
3518 10
1827 10
3051 9
8451 10
4996 9
2166 7
1919 8
8300 10
4504 9
12181 8
3857 9
5541 9
3418 10
8237 8
11663 8
7533 10
6004 10
7262 10
4433 7
2857 9
2438 9
5128 9
7066 8
8466 9
4819 7
4253 10
5784 8
812 10
2294 8
5282 10
2645 8
10946 7
5355 8
5135 10
8514 7
3645 8
6023 8
7369 7
6860 8
1533 8
9136 8
10471 10
1026 9
5732 7
2052 10
3565 10
4478 8
1820 9
7893 7
9930 8
607 10
3083 10
10628 7
2168 8
3222 7
6095 7
2350 9
7573 9
8173 8
34 8
473 9
9743 8
9178 10
2286 10
1282 9
4699 8
11674 10
1616 9
11125 10
3506 10
5102 7
1839 10
382 10
764 10
8392 8
3457 7
11292 10
3406 10
5248 8
2660 10
8706 8
11929 9
5699 8
10243 10
11774 10
5070 9
10512 10
12092 7
8213 9
2075 8
1049 7
5565 8
4087 10
387 8
8687 9
9324 7
8256 9
11861 10
10770 7
4561 10
12069 10
4230 10
5707 10
3836 8
4565 8
1978 9
4330 10
9687 9
2875 10
8432 10
10016 8
6481 10
9654 10
6801 9
6042 9
11609 10
10053 8
5203 7
7936 7
9895 8
3459 8
10810 8
3088 8
9407 8
719 10
4697 7
7801 9
6130 7
9754 10
593 9
2088 8
5598 8
8785 10
6067 10
11709 10
5149 8
6936 7
11058 10
10319 7
6736 10
2459 8
55 9
5664 8
412 8
7512 8
8112 9
1799 7
11546 9
9823 7
10 9
3838 7
1651 10
8890 10
9866 7
6823 10
12014 10
2109 9
10546 9
4664 8
11434 7
9112 9
8990 10
6923 10
10991 9
1047 8
11471 7
3331 8
2808 10
8770 7
1386 8
12165 10
1720 10
10868 8
1757 8
7202 8
7883 10
1620 10
2979 10
5972 8
10361 7
12017 7
1171 10
796 8
7696 8
78 10
4187 7
7383 9
7796 10
1935 10
8317 8
11392 8
2798 8
11778 10
6016 10
720 7
8312 10
139 10
1242 9
5187 7
12435 8
3349 8
11129 10
5513 7
4659 8
7665 7
1835 10
3171 9
9317 8
5981 7
11025 7
12019 8
900 10
5939 7
4410 10
5127 10
11910 10
4008 9
12264 9
9471 7
10866 7
6249 7
5290 10
11586 9
5776 10
4241 10
4939 7
5027 10
1872 7
6521 7
3347 7
715 10
5725 9
11895 8
9758 10
9009 10
10085 10
8053 8
1948 10
6564 7
2140 10
3477 10
10232 10
7416 9
2270 9
8789 10
4725 9
10185 10
3235 9
3091 10
7521 7
10407 8
6082 9
1592 9
615 10
10463 10
5963 10
11154 10
3499 8
11605 10
4189 8
3226 10
2091 9
2123 10
2678 8
5800 10
10500 10
10251 10
11237 8
4824 7
3577 7
5956 9
7788 10
6659 10
5900 10
10400 10
9626 8
4913 9
11666 10
7354 7
390 10
3245 10
3678 8
1773 9
3405 9
7688 10
12141 8
1266 8
4322 10
3110 8
11973 10
5144 10
2867 10
3916 8
9948 8
8241 7
1589 10
11988 8
5892 8
10281 7
2953 8
5715 10
676 8
4573 10
863 10
5094 8
633 8
8333 9
864 9
8527 8
3469 10
1194 7
7213 10
6816 7
2579 8
6075 10
7542 10
8271 10
7313 10
5323 7
10930 8
12205 8
3579 8
10173 8
4251 9
6493 10
12240 8
8371 10
9117 10
9562 8
6921 9
5668 10
12106 10
11180 7
10423 9
4539 9
11551 7
9077 9
1012 10
9953 10
8903 7
3685 8
11514 7
8591 7
10551 7
2211 8
1643 10
577 8
8834 9
5701 8
12006 10
10180 7
5039 10
8882 10
1268 7
2254 8
769 8
7073 10
6544 10
11405 8
7722 10
4655 7
7669 8
180 9
5727 9
7451 9
2809 8
9526 10
8011 10
7595 10
2189 10
11091 8
7523 7
7173 10
1379 8
10405 8
9691 10
6315 10
5655 7
7622 10
10678 9
2089 10
9426 10
5610 7
8640 10
6101 8
12366 10
10908 10
10155 9
5359 10
7937 10
6907 8
10328 8
12266 9
5508 10
10808 10
9884 10
7837 10
97 9
1423 10
10027 7
2767 8
11110 9
8855 10
5232 8
1694 10
2722 8
8544 9
2136 9
3495 7
650 9
10031 10
2412 10
3125 10
2343 10
3044 7
4983 7
5463 9
1377 7
3842 7
247 10
516 10
2807 7
2512 10
722 7
9781 8
1078 8
11357 10
10660 10
6439 10
10131 10
3292 10
347 10
7667 7
11899 7
3930 9
3861 10
4142 10
10975 10
5324 10
4613 10
4970 8
8928 10
5224 10
7038 9
8828 10
5093 10
3769 7
794 8
2588 7
4396 10
10619 8
9836 9
3802 10
4121 10
8593 7
1963 8
7929 10
4746 8
9107 7
12278 10
10516 7
10816 10
8030 9
2256 8
4770 10
5247 10
8208 8
3902 10
9538 10
11083 10
2743 9
7966 9
224 10
1547 7
6814 7
3631 7
575 10
11234 10
2706 9
823 9
10052 10
3146 10
2471 10
4364 7
11977 8
2320 10
4682 9
12207 8
2631 7
475 10
6125 9
9525 8
9438 10
9369 10
3046 10
10977 8
2674 7
10603 10
11334 10
6789 8
4402 8
2258 7
9374 9
10720 9
6985 10
1540 10
9331 9
12413 9
6509 9
5890 8
8836 10
11518 8
2951 8
4748 7
7854 10
2914 8
1311 10
3530 7
6790 10
8072 10
5152 9
5911 9
11235 8
4826 7
7010 10
12209 7
2895 9
8661 8
4911 9
408 10
9445 10
6690 10
9314 10
4117 9
9661 8
10235 8
6427 10
2575 7
11349 10
12143 8
5065 7
7641 10
6376 10
479 10
1867 9
3352 9
1024 9
328 10
1893 10
9434 10
8103 10
991 7
12282 8
6398 8
9932 8
5775 7
11469 10
11338 10
2265 7
6456 10
9534 10
579 10
2352 9
1993 10
4869 10
4775 7
7749 8
11525 8
298 8
8171 8
7064 8
11208 8
1686 10
12274 10
319 9
1360 10
962 8
12271 7
5357 8
1431 10
2548 7
2199 7
1260 10
8182 7
1531 8
12303 9
8553 7
10075 9
2962 7
3280 10
3810 9
10459 9
1325 9
10394 10
9449 10
3766 10
4994 9
6099 8
10123 10
9218 10
255 10
8499 9
4814 10
11245 10
10772 10
9979 7
2351 10
11624 8
7448 8
6889 10
5056 8
7858 10
5236 10
4701 10
8720 9
11374 9
9652 7
11692 7
2298 7
5181 10
2649 7
1630 8
7958 10
8283 7
7829 7
12309 10
4150 10
10967 10
4762 10
5255 10
410 8
9888 10
5504 10
10804 10
7510 8
8110 9
882 8
628 9
9062 7
3910 10
8859 10
11739 8
11993 9
12 9
4284 10
4569 7
9027 7
1698 10
1000 8
4666 8
5404 10
10904 10
3948 9
1494 8
1045 8
5569 7
4384 10
3333 8
6555 8
1806 8
10014 8
3705 10
181 10
2563 10
5244 7
10857 8
1181 9
12362 8
6319 10
6448 10
11326 10
9440 8
2711 7
336 10
7934 7
10812 8
11191 10
10040 10
10711 10
6548 10
8440 8
2332 10
378 8
3154 10
2463 10
8678 9
7599 10
7005 9
3711 7
6177 7
11051 8
567 10
7429 9
7846 10
12217 10
10879 10
1303 10
1808 7
8685 9
6897 10
5522 8
3378 7
9211 9
7946 10
5479 10
12317 10
3871 8
8924 10
1795 8
10600 9
8326 7
9741 8
3778 10
8486 10
6179 8
7653 10
10315 8
7233 7
12026 8
6682 10
7179 8
1723 7
7753 10
690 9
7790 9
8390 8
9899 7
6535 10
7002 10
2527 9
3129 10
10859 7
6276 7
11781 8
241 8
12111 7
7341 8
6848 7
9633 7
12242 10
8579 8
7813 10
11168 8
5072 8
12154 7
5831 8
7304 8
8704 9
11350 9
8871 10
9390 9
9579 8
7913 10
10168 8
6304 8
3562 8
4831 8
1139 8
10645 8
6460 10
6331 10
3834 9
10294 8
5887 7
8135 10
6186 10
1344 9
10438 9
4522 9
59 7
2591 7
2834 9
7611 9
11645 8
10739 10
1273 7
6231 10
3946 7
754 9
8254 8
7285 9
3140 7
9253 10
1236 7
3945 10
8091 9
903 8
10166 7
4066 10
2626 8
5200 10
5336 8
140 8
8405 9
946 8
11880 10
11269 8
11166 7
11925 7
6803 8
9678 8
8532 7
1768 9
12188 10
6005 8
2529 7
11980 10
12327 9
2894 10
3376 9
9110 8
1843 9
10195 8
10115 10
5714 7
6728 8
6982 9
3001 10
3750 10
10544 8
5380 7
363 10
2241 7
95 10
2436 10
3650 10
9099 10
8953 8
8584 8
11501 8
11795 10
8916 8
8719 10
1675 9
12496 8
7217 7
451 10
3584 10
9720 8
11310 10
10627 10
7149 10
7618 10
4941 10
11441 10
2555 10
3062 10
4487 9
10374 8
3733 10
2204 10
200 10
11331 8
4922 7
3484 10
5850 9
11109 9
6098 10
1742 7
3633 10
11541 10
1393 7
7718 10
9347 7
5785 10
735 8
5994 8
10387 7
1348 10
7670 8
4005 10
10832 10
5532 10
2855 8
4754 10
9235 9
3053 8
5685 10
10661 9
6670 8
9270 9
4105 10
11756 7
3855 8
1519 10
9048 8
1158 9
3826 10
8156 10
10873 8
1574 9
9464 8
7134 10
1709 8
9187 10
6352 10
2528 10
2279 10
11030 8
8707 10
11873 8
6582 7
7034 10
6153 7
6503 10
2296 9
6252 10
434 8
4508 7
11560 9
2783 8
5293 8
8812 10
8932 9
8798 8
7571 8
1335 10
10086 7
4078 10
7870 10
4729 10
12196 10
3929 9
10560 9
8912 10
4293 8
10758 8
8497 7
1082 10
12321 10
11086 7
4178 10
1259 9
4629 10
7970 10
12470 10
6749 9
9349 8
1564 10
1688 9
1822 8
9171 9
1235 10
10270 9
5689 10
5218 7
2708 7
9459 8
3895 8
4109 10
6261 8
3407 8
9088 8
7224 8
3708 7
324 8
5583 8
7261 8
6968 7
588 9
12031 7
1415 10
12250 10
2112 9
5402 9
9241 10
8776 10
6094 10
11720 8
8027 10
2308 10
7731 9
8331 8
9838 7
1782 7
7509 8
3866 7
4535 7
7714 10
8290 10
11765 8
6643 7
3025 7
7045 10
2823 7
10518 9
743 7
7614 10
6472 10
7643 7
4492 10
11992 10
6966 8
1435 8
10798 8
4625 10
10943 10
9560 9
8412 7
2392 8
5828 9
12375 7
9086 7
866 8
3957 10
11134 9
12330 7
7923 8
8389 8
5216 8
4074 10
7160 8
3361 7
271 10
6995 7
11619 9
8075 8
2213 9
12458 7
3324 7
708 8
87 10
5397 9
8873 8
5746 9
6193 7
11687 10
12386 8
4703 9
7138 10
11361 10
3256 9
1318 8
2524 10
11254 8
12268 7
6372 7
3514 7
2316 10
2447 10
1662 7
300 9
4853 10
10064 10
2466 9
7200 9
8600 8
11685 8
5935 9
11202 10
10735 10
11211 8
8294 8
6337 7
543 10
4041 7
4490 7
8645 8
10582 10
9600 8
10254 8
1528 8
2547 10
9645 8
10482 10
8139 10
443 10
312 10
6750 8
3136 8
10920 10
6381 8
1691 8
6568 9
1205 8
2239 7
3173 8
8267 7
7381 8
8781 9
9222 7
7750 8
8350 9
10820 10
9267 7
7715 8
842 9
11584 8
8501 8
6240 10
7777 10
8739 9
9095 10
12169 7
6511 10
10748 10
8715 10
11953 8
5849 8
7291 10
8044 10
9195 10
173 7
6340 10
7677 10
5305 7
7126 10
6411 10
930 7
3767 9
689 10
7875 7
11699 10
8615 10
9473 10
6595 9
64 7
6451 8
3237 8
1576 10
10897 9
8900 10
21 7
8925 7
6886 8
12184 10
10440 9
3809 9
1947 8
3272 8
6414 8
1104 8
551 8
1476 10
11897 9
9960 7
7414 8
11678 8
5762 8
9925 7
8800 10
5394 10
3725 8
6900 8
1453 8
904 10
12488 8
8998 10
4499 9
4345 10
12224 9
1008 10
2800 10
1884 8
10152 9
11954 9
804 10
1719 7
2725 8
5235 8
5048 9
4514 10
5023 10
2760 8
7106 8
5772 10
7945 8
7881 9
711 10
3195 10
1832 7
7413 9
8013 8
6589 10
5765 9
8850 8
1034 7
1877 7
3342 7
7087 9
5518 8
3793 7
8056 8
556 9
6489 10
6881 9
611 10
3095 10
7458 10
9056 8
10467 10
11150 10
5967 10
5283 7
6087 9
9487 8
12487 10
1752 8
1593 10
6242 8
11969 10
3659 9
4338 10
1717 8
1075 10
1724 10
9607 9
4932 8
5977 8
9834 10
2288 9
307 8
1624 10
11828 8
8607 9
11253 9
11869 10
12486 7
6856 10
12061 10
9058 7
8547 10
7792 10
3845 7
2131 9
7757 9
3492 7
8786 8
6625 7
9596 10
3800 7
7274 10
2006 7
760 7
5516 7
1202 9
10397 8
3174 9
6712 9
9786 8
2043 7
7374 10
9496 10
1831 10
7924 9
2701 9
7167 9
6015 7
5029 8
8793 10
10579 10
5879 10
5254 9
8524 10
4326 7
9742 10
8275 10
8693 10
7317 10
6620 10
10479 10
7050 7
3395 9
9642 10
6497 10
12200 8
4254 9
12038 9
4579 9
5899 7
3069 9
4390 8
8594 7
1747 10
10426 9
8943 7
4704 8
9072 9
3958 7
10511 7
2251 8
1647 10
8886 10
11463 9
12002 10
6835 10
2069 9
6738 7
10554 7
9100 7
9943 7
5328 8
294 10
2676 10
5953 9
5804 10
366 9
9588 10
772 10
4864 7
62 10
5155 9
1290 7
9488 10
11133 10
214 7
2027 10
12144 8
11178 7
5821 7
8459 10
9889 9
4916 9
2290 10
5864 7
2537 7
123 10
9336 9
5140 10
5611 10
6948 10
3115 8
9373 9
7999 10
4405 8
1263 8
4191 10
9908 8
4897 8
5091 8
2581 8
11877 10
4577 10
4226 10
8373 9
7899 10
2956 8
673 8
12276 7
4257 10
6839 10
4859 7
7865 8
4506 10
11806 10
5031 10
9511 7
816 10
9983 7
7820 8
5286 10
7063 8
8463 9
11943 7
5660 10
4357 10
5131 10
3640 8
6026 8
8554 7
2998 7
3291 8
10072 9
4781 8
11906 7
12179 8
3605 8
10037 9
916 10
2707 10
4438 8
11668 7
4645 9
8379 10
1860 9
3087 10
2227 7
7441 7
3784 9
5737 7
603 10
541 7
1957 7
11522 8
10668 7
2128 8
2156 10
6896 7
31 8
8935 8
11713 10
10224 10
8176 8
2310 9
3227 7
11567 8
4737 7
703 10
8279 10
1580 7
9279 7
74 8
6090 7
1636 10
11908 8
12177 7
6844 10
1481 10
10244 7
262 8
9826 10
7895 10
1736 10
4812 8
11201 7
4051 8
6919 9
128 7
1672 8
5908 10
10408 10
6651 10
9484 10
10623 8
7705 7
7437 10
6100 10
398 10
6677 9
4195 9
5436 7
3485 9
9849 9
10666 8
9162 10
8455 10
9232 8
1923 10
9584 10
5808 10
10508 10
11623 8
7537 10
2054 9
2817 9
1681 7
4436 7
8849 9
9650 10
8367 10
5206 7
6485 10
9890 8
12320 8
10056 8
8436 10
3099 10
7976 7
7305 10
876 7
6163 10
7454 10
2382 7
9447 8
2719 10
1840 10
5692 7
2664 9
3199 10
6585 10
9399 7
9750 10
8447 8
1940 10
147 9
2148 10
10359 7
7205 10
1425 7
6732 10
6063 10
7554 10
9020 7
8583 9
2371 8
12010 10
6827 10
12396 7
4249 10
8894 10
885 8
11818 10
1801 8
4624 8
4349 10
6927 10
4418 10
11918 10
1844 8
3371 8
1755 10
11396 10
10357 8
6978 8
7271 7
131 10
2282 10
8098 7
4030 9
1656 9
5916 10
11121 10
3520 9
2083 7
5901 7
2764 10
3718 8
1287 9
7978 8
4944 7
2565 9
11786 8
286 10
10058 7
5030 9
5816 10
7529 10
10247 10
11770 10
875 10
5525 8
4083 10
753 8
1628 10
12097 7
5052 10
11865 10
4525 8
3876 8
4183 10
6653 8
419 7
12398 8
8321 7
1938 9
3833 8
4334 10
2871 10
2586 10
164 10
7721 7
3035 9
1343 9
5086 7
664 7
2731 10
1868 10
10642 8
4758 8
10293 8
10312 10
5943 10
4892 10
11592 10
9029 10
4086 7
1231 7
2486 10
7282 9
2070 9
8216 8
11725 10
5843 10
1274 7
5836 8
4787 10
1559 7
820 10
7346 8
5873 8
5007 10
697 8
2718 9
2924 10
11312 9
12021 9
920 10
8671 7
6303 8
9703 9
4836 8
7049 7
6797 8
9397 9
4873 8
9746 9
11260 7
5107 10
11930 10
4361 10
5656 10
8218 7
10994 8
119 10
3334 9
6552 9
9152 8
7420 7
12099 9
9583 8
9605 10
1493 9
9954 8
1815 10
10192 8
11658 10
6136 10
10543 8
3149 8
8563 10
6420 7
11506 8
10789 10
9705 10
8232 10
8911 8
3697 7
2334 9
6036 10
11543 8
5459 8
8954 8
1915 10
5088 8
8117 8
1289 7
5374 8
7496 8
12045 10
2959 10
2621 8
3888 10
8570 7
9910 10
2859 10
3621 8
8535 7
12145 10
1186 8
5993 8
5019 10
5748 10
6811 10
1132 10
12427 7
4799 10
12291 10
12462 7
6578 7
3852 8
9277 9
11380 7
5119 10
8305 7
6911 10
5648 10
1322 8
3817 8
478 7
6898 9
7684 7
1876 10
7462 10
3779 8
4480 9
7333 10
12491 8
8428 7
9762 8
2598 10
10336 8
5925 7
9137 10
310 7
9666 10
3996 9
11373 8
7562 10
1745 7
4123 7
5812 9
1976 10
4925 7
7084 10
8251 10
5014 9
8762 8
4553 10
4202 10
5600 8
9847 7
9004 7
2947 10
10415 7
843 10
10887 7
5294 8
2784 8
3128 9
4453 10
5164 10
6576 8
3310 8
943 10
8802 7
4294 8
8041 7
10567 9
8490 7
9133 9
5482 10
10982 10
3534 10
3478 8
3265 10
11646 10
10420 10
11117 10
656 10
3783 10
5267 7
852 7
2777 7
107 10
4315 9
1573 9
10271 10
5350 9
1444 7
4222 7
11072 8
2652 10
5315 9
756 10
6952 7
1401 7
11037 8
5851 10
6708 10
6295 7
6059 10
10200 10
3314 10
11762 8
3022 7
2368 8
4532 7
590 10
7088 10
11580 10
2494 10
3214 10
3581 9
7644 7
744 7
3368 8
11428 7
2072 10
5951 10
10451 10
10300 10
1818 8
701 7
12080 8
11480 10
4373 10
3400 8
6266 8
4953 8
11340 7
5115 10
11922 10
10277 9
8751 7
932 10
1999 9
4273 10
12036 7
11849 8
11822 10
2936 10
8889 8
9751 7
5584 8
958 9
5390 9
6024 10
5579 8
8874 8
3438 10
6293 10
7472 9
8831 8
572 9
7194 7
6437 9
9037 8
9874 8
3538 10
3680 9
1921 9
7992 7
9831 8
12381 8
1162 9
9617 10
2366 7
8471 10
11041 7
11802 7
4211 8
1043 10
3539 9
8415 7
5168 10
6122 8
8450 7
12057 10
5739 10
10490 7
824 8
1612 10
4918 7
12337 7
5211 8
9802 10
11176 9
7122 8
12372 7
3937 8
6757 8
1771 10
1020 10
4421 8
1247 8
3309 9
9861 10
11746 9
9260 7
1599 7
2174 8
2309 9
12034 10
11703 9
5619 9
2928 10
7096 10
793 9
7693 9
8293 8
29 10
8642 8
3187 7
4497 7
2659 8
10119 7
1665 7
11078 10
4840 7
11729 10
7570 10
6047 10
9292 10
5798 8
639 10
8508 7
10216 8
9125 10
4798 8
3461 9
6207 9
1864 10
12125 8
7321 10
7375 7
7470 10
5840 7
11629 10
951 10
8922 7
11535 7
4518 9
1597 8
12149 10
5627 10
10890 9
4720 8
5176 10
3230 8
6759 7
10535 7
6388 7
12049 10
3939 7
4541 10
5076 10
2955 10
187 8
9709 10
10785 10
9609 7
8543 8
800 9
6031 7
3657 7
7592 9
54 10
6872 7
11005 10
8089 10
10263 10
8506 8
3612 7
6074 7
2640 10
8994 8
10117 8
115 10
3791 10
5347 7
9158 10
12059 9
7074 7
174 7
3558 8
8189 10
10432 10
11105 10
5932 10
3189 8
6106 9
9506 8
11043 7
6165 8
2449 7
11996 10
1475 8
11492 7
11006 7
5447 10
12329 10
8083 7
6963 8
4256 8
12202 9
4687 8
10937 9
986 10
8452 7
1608 9
11131 9
4596 10
5213 8
3953 10
218 9
10006 7
4070 10
10847 10
275 10
524 10
3321 7
2682 9
7435 9
9238 10
11783 10
1486 7
11659 9
4674 7
8248 9
2420 10
83 10
11424 8
10752 10
11265 10
8070 8
2216 9
5706 9
7299 8
9469 10
9876 8
4392 9
2797 10
7990 7
6299 8
9833 8
5674 7
9248 9
2520 10
693 10
3746 10
7502 7
10230 9
2399 7
3402 8
4951 8
12354 10
9419 8
12405 10
7905 10
4157 8
8382 7
7264 8
10342 7
8867 10
1340 10
7221 8
5914 8
12254 10
5586 8
7805 10
8334 8
9514 10
11760 8
3863 7
4530 7
7771 9
9878 7
4849 10
10760 8
5998 10
2020 7
10498 10
1224 9
4442 9
459 10
3152 9
8394 10
6476 10
2065 7
6549 8
9149 9
11449 10
6327 10
3954 9
12082 8
3109 10
2727 9
3658 10
3655 7
12129 7
490 9
9091 10
7773 10
2762 9
8504 8
7295 10
4300 7
8996 8
7033 7
1669 8
6590 9
1080 9
9779 9
9191 10
6141 9
9541 8
8140 10
9326 10
176 7
12226 8
10959 10
1339 9
5308 10
1572 10
1101 8
11537 7
9011 9
12180 10
8126 7
6085 8
4488 10
1144 8
10638 8
4722 8
5468 7
9054 9
8852 9
5767 8
11094 9
898 10
1323 10
12237 10
7866 10
9920 7
5722 8
11892 9
4468 7
8804 10
791 9
7691 9
8291 8
2426 9
11206 10
1667 7
547 10
11680 8
5886 10
10586 10
5173 9
11457 10
2543 10
12162 8
6078 8
6691 9
7332 7
2554 7
2212 10
10680 8
5986 10
2983 7
316 10
12127 8
5001 7
447 10
3592 10
10924 10
5424 10
4466 8
4642 10
6528 9
3830 10
8979 10
4423 8
8227 7
12191 7
11744 9
7710 8
2176 8
10824 10
5466 8
5275 10
8784 9
11701 9
4769 7
5793 10
7238 9
5555 10
4062 10
1198 10
8094 9
2990 10
4584 10
5304 10
1510 8
4162 10
8572 7
6238 9
9638 8
8908 10
11984 10
10229 8
1555 8
3623 8
10011 9
12367 9
11426 10
6348 10
5385 7
10996 8
6419 10
9150 8
2263 10
6181 9
1491 9
6768 8
7399 10
436 10
367 10
3654 10
6422 7
11504 8
7768 8
11526 10
11277 10
7550 9
536 10
6467 7
2908 8
2685 10
8956 8
1352 10
8539 8
7817 10
9673 7
10828 10
2522 8
12114 7
3668 7
9636 7
12023 9
12417 10
10355 9
1429 9
5428 10
8673 7
12346 10
3567 8
4834 8
8975 10
10310 9
9395 9
8636 7
4871 8
3522 8
11262 7
5378 7
1790 9
5455 7
7602 10
6335 10
9680 8
2145 7
3729 10
3874 9
4527 9
5084 7
3078 10
5410 7
10640 8
7766 7
2100 7
6614 9
4562 9
9958 7
3594 7
751 9
4084 7
1233 7
7702 10
10998 7
8603 10
10699 9
8152 10
815 7
3642 9
379 10
6867 9
7661 10
11438 10
6259 8
9183 10
2775 7
7130 10
6407 10
4220 7
8703 10
2607 9
788 8
4838 10
1403 7
7761 10
7030 10
3775 7
6507 10
11035 8
359 8
4548 7
8174 9
8937 9
10083 7
4199 7
9006 7
9492 7
7531 8
1460 10
431 8
10885 7
609 9
9043 7
11565 9
2489 7
5199 7
10520 9
5548 7
3312 8
6574 8
9174 9
4602 8
11885 7
10565 9
11417 7
6531 8
9131 9
1862 8
4647 8
10149 9
786 7
9418 10
4810 9
10494 10
10371 8
5962 7
3580 10
455 10
304 10
12493 8
9760 8
10334 8
1448 8
3066 10
2192 9
10878 7
4962 7
3480 10
204 10
225 9
5810 9
7325 9
7 7
9518 10
3637 10
2300 10
7158 8
7589 8
2506 9
5855 9
5991 8
11621 9
12425 7
7675 8
2013 8
5781 10
11664 9
3922 10
508 9
7809 10
12460 7
7630 8
10836 10
10716 7
9793 7
12258 10
12186 9
3850 8
1365 8
3013 8
6675 8
9275 9
7909 10
3056 8
11716 7
8342 7
3822 10
4197 8
3284 10
351 10
400 10
6698 10
10390 10
2504 10
3487 9
10664 8
9230 8
11341 10
7118 10
7393 7
293 7
2850 9
251 10
2056 9
7018 10
11241 10
11510 10
1683 7
7408 8
3967 7
4434 7
5053 8
12175 7
11598 8
12130 7
2994 8
3977 10
1319 10
10598 8
8286 7
4053 8
5185 10
3994 8
1219 10
8612 7
4154 10
1670 8
969 7
1897 10
994 7
3969 8
506 7
7483 10
3357 9
7443 7
7165 10
3786 9
5735 7
4296 9
9309 9
11520 8
6894 7
2312 9
7734 10
2479 10
2328 10
8131 8
11070 9
6 10
10941 7
10102 7
4018 7
7024 8
8424 9
4029 10
12270 10
9981 7
7822 8
161 8
922 8
8556 7
10070 9
12306 9
8981 7
6688 9
9288 8
1264 10
3607 8
4129 10
10035 9
9992 10
4678 10
7921 10
12421 10
9659 8
8680 9
6989 7
12213 10
8069 8
7842 10
5527 8
7651 8
2037 8
1307 10
11640 9
6893 10
11478 8
3338 7
9251 9
1207 10
1179 9
12313 10
6469 9
7942 10
10478 8
3072 8
11732 7
5628 7
8920 10
5946 7
7657 10
10128 9
4032 9
2081 7
6795 9
9302 10
12066 8
1285 9
11355 8
12369 7
6260 10
10039 10
5077 9
8701 8
2567 9
5834 9
8064 10
7795 9
8395 8
3450 7
6786 10
5871 9
5500 10
4766 10
5626 8
17 9
8913 9
3914 10
4280 10
7515 8
7987 8
9368 8
1278 9
10504 9
5400 10
4626 8
5529 7
1846 8
4663 8
9956 9
9892 8
3701 10
3666 9
6000 9
9400 8
10485 8
9699 10
11473 10
6843 9
4376 9
332 10
1889 10
7974 7
5241 7
8119 10
6045 9
5690 7
11573 10
7843 9
3150 10
2467 10
6172 7
2336 10
3380 7
594 9
232 10
5948 8
6137 7
2181 10
563 10
11502 10
610 9
11395 8
3670 10
2347 10
6662 7
1372 7
2416 10
3121 10
11539 9
5423 9
7755 9
512 10
3041 7
6627 7
1337 7
243 10
3770 10
2247 10
10744 8
12432 8
9128 9
3935 9
11402 10
10395 8
3176 9
6384 9
9784 8
2041 7
5551 7
343 10
3296 10
10382 10
3133 9
1568 9
9478 8
5320 10
4617 10
849 7
4975 8
9640 9
4146 10
10069 8
1715 8
5197 10
6205 8
5239 7
7240 8
5975 8
5571 10
7078 9
8478 8
305 8
10048 10
7726 10
6563 7
7077 10
10719 10
4650 7
185 9
9522 10
8015 10
6526 7
11099 10
7085 9
8485 8
8054 8
8817 8
1985 10
3277 9
4767 9
6311 10
10148 10
6883 9
463 7
9695 10
3232 9
6454 9
9817 8
1885 10
426 7
3849 8
8115 10
11067 7
1451 8
7933 10
6379 9
10956 9
3762 8
9996 9
10150 9
11956 9
7379 9
8779 8
279 9
9880 10
3918 10
7141 8
92 9
10022 7
10861 7
1690 10
9334 9
8697 7
2218 7
4093 8
5189 10
3117 8
1215 10
1544 10
1261 8
4407 8
10725 9
4158 10
8203 7
11189 8
2152 8
10612 7
4708 7
634 8
5442 8
4058 10
1315 10
7198 9
1606 7
9210 10
6794 10
4823 7
8664 8
11008 9
5112 9
8419 9
6523 10
7014 10
4866 7
2359 10
3288 10
4112 9
9310 10
8627 10
6694 10
9621 8
3447 9
7782 7
2508 10
6019 8
253 7
2535 7
7353 7
3682 8
10461 9
8904 7
10659 8
4743 8
1125 8
8596 7
3253 8
8102 7
10424 9
1539 10
4706 8
11556 7
3216 8
10513 7
2253 8
2828 9
11288 8
4774 10
8833 9
399 9
10187 7
1368 10
3906 10
748 9
9941 7
11309 9
2703 9
826 9
3671 7
571 10
2193 10
220 10
5868 8
11561 10
7963 9
11230 10
7120 9
8520 8
2397 9
11174 8
2475 10
4324 7
8718 9
11937 8
2671 7
12247 8
4868 8
3703 9
9565 8
2634 7
2224 10
3713 10
7811 7
11461 10
4961 10
10156 10
1430 9
10607 10
6120 9
10472 7
5888 9
454 8
8814 10
1333 10
10437 7
10849 10
629 9
6185 8
11472 7
3332 8
4622 8
1044 8
12476 10
8820 7
9329 8
6983 8
3377 8
1001 8
1562 10
4909 8
9896 8
8601 10
8150 10
9467 10
2710 7
7385 10
10481 8
3662 9
10268 9
2799 10
9181 10
6354 10
1180 9
10856 8
7132 10
10015 8
1769 8
3748 10
6802 9
7847 9
2699 10
9236 10
11813 8
5909 8
11050 8
8050 10
902 9
2627 9
5337 9
141 9
4245 7
6254 10
6505 10
6133 7
7032 10
7284 8
384 8
11439 8
5523 8
3379 7
8255 9
2033 8
528 9
9362 7
12440 7
11295 9
10439 8
3033 8
5683 10
5365 10
6610 8
3076 8
10934 10
8362 7
4830 9
10496 10
457 10
10351 8
5942 7
7277 7
377 7
5101 7
306 10
6329 10
5595 7
2085 7
6478 10
10621 10
2202 10
3735 10
10314 8
9391 8
3482 10
6277 7
4942 7
206 10
11780 8
8705 8
5896 10
8391 8
11314 8
691 9
1722 7
3164 10
5036 9
2526 9
8740 8
7890 7
10113 10
9933 8
12283 8
2261 10
683 10
6748 8
10759 9
9479 10
10561 8
365 10
5731 7
783 10
2361 10
93 10
2430 10
11275 10
1914 7
534 10
2687 10
1586 7
9228 10
896 10
3943 10
7218 9
8618 8
5356 8
120 8
963 8
4060 10
12239 10
8420 9
12235 7
11886 10
11209 8
7826 8
2603 8
4631 10
7968 10
4356 8
8183 7
12339 10
10957 10
3646 8
10074 9
9618 8
5059 7
2892 10
12347 9
7600 10
11459 10
4995 9
7151 10
2165 7
6466 10
9271 8
1588 8
12182 8
9404 10
3483 9
10488 10
9234 8
449 10
318 10
4542 9
3811 9
198 8
8498 9
11559 10
3926 7
7700 10
7051 10
5542 9
9255 10
5193 9
6080 10
3963 7
10588 10
9504 10
5814 8
12171 7
11375 9
2196 8
2502 8
6119 9
3547 8
8282 7
1250 10
1631 8
3990 8
2299 7
11693 7
6364 8
9764 9
4012 8
1674 8
12464 10
7964 10
4747 8
8592 7
6431 8
11183 7
5099 7
8106 7
3869 9
2589 7
10618 8
4702 8
6474 8
1927 8
5747 8
1470 10
1321 10
8031 9
8209 8
11618 8
10183 7
11420 9
822 9
7161 9
259 8
11279 10
6517 10
7020 10
6013 7
6850 7
9093 10
5252 9
7967 9
538 10
2742 9
3630 7
7297 10
9224 10
8713 10
11933 8
1649 8
9193 10
7671 10
6346 10
12243 8
4217 9
1471 9
6161 9
9561 8
8142 10
7056 7
3393 9
10170 8
4829 8
4252 9
369 10
3742 9
5426 10
4111 10
7919 10
12419 10
4640 10
12412 9
4097 8
10764 9
6775 8
10721 9
11282 7
5097 8
5526 10
10616 7
10826 10
5277 10
7775 8
3259 7
7058 8
2441 10
6312 7
11555 10
10062 10
5582 9
4021 7
545 10
4862 7
3531 7
2443 9
10584 10
5884 10
9259 10
325 9
4955 9
9089 9
4116 9
6058 8
3727 10
1548 8
2574 7
9625 8
3443 9
5984 10
9408 10
257 7
314 10
445 10
2531 7
2695 10
526 10
7289 10
2273 9
11090 8
8856 8
81 10
4654 7
1032 7
8481 8
11267 10
7450 9
2236 9
10001 10
7389 10
10090 8
1946 9
9015 8
3273 9
9856 8
467 7
11367 10
2795 7
9050 8
5285 7
6358 10
9813 8
10896 8
6668 8
9268 9
422 7
6081 9
3744 10
5179 7
6145 8
3723 8
11994 10
10329 8
6906 8
8918 10
9194 9
4172 10
11026 7
5445 10
10585 9
5314 10
6338 9
9738 8
3851 10
7594 8
8194 9
11111 9
8545 9
8818 10
11894 10
4594 10
8738 8
8992 9
3951 10
10845 10
4072 10
10026 7
7100 8
10865 7
11391 8
10898 7
4982 7
6666 7
9247 10
3843 7
1376 7
4510 7
9858 7
7380 9
6623 7
7712 10
9416 10
10740 8
7666 7
2843 7
4462 9
3172 9
6380 9
7143 10
9351 8
3739 10
1385 8
6244 8
5278 7
10255 9
5438 10
10938 10
9439 8
1711 8
10684 9
4934 8
11028 8
5132 8
344 8
795 8
8865 10
5177 8
7201 8
10327 7
6908 7
1342 10
10838 10
9773 7
7807 10
5269 10
8725 10
7695 9
6336 7
8074 10
2422 9
10029 10
7747 10
3515 7
4846 7
11684 8
3987 7
9312 10
11919 7
6201 9
4177 9
12123 8
11632 7
1217 10
6751 8
3137 8
3974 8
9169 8
8314 9
5462 8
280 8
8169 8
12203 10
3979 10
2137 8
8351 9
2974 8
1446 10
11329 9
8758 10
11085 10
7145 9
2191 10
1527 7
11952 8
222 10
494 9
10054 10
4863 10
11563 10
11232 10
2766 9
9789 10
3611 10
6072 7
3614 7
11917 8
137 7
12267 8
1084 9
322 10
5790 7
2280 7
3989 8
8109 10
2226 10
10154 8
10917 8
2577 10
4963 10
1410 9
6943 9
8167 7
6887 8
4763 8
1105 8
6415 8
3804 10
10404 9
1378 9
9481 9
5341 10
10910 10
11576 7
5763 8
4429 7
7415 8
9167 7
987 8
8813 9
11896 9
4027 10
10576 7
5510 10
768 9
3904 10
9122 7
7081 8
3867 10
1209 10
1558 10
12142 9
869 7
4615 10
5322 10
9660 9
4144 10
10049 8
6225 8
4910 8
5219 7
5573 10
1309 10
11049 8
5153 8
12075 7
3709 7
5910 8
10303 7
4219 7
5446 9
7759 10
11500 10
11251 10
9839 7
2587 9
3672 10
3123 10
2414 10
11519 9
10280 10
675 9
8375 8
3394 10
1018 8
3772 10
5534 7
1220 9
3915 9
11400 10
7659 10
9330 8
3156 9
341 10
12457 8
2822 7
10519 9
10380 10
3113 9
6788 9
9388 8
6922 8
4668 10
12360 10
9524 9
1792 10
10348 8
12206 9
4768 10
8759 8
12260 10
4039 10
11135 9
688 9
5217 8
11799 8
2393 8
867 8
10002 7
9087 7
7124 8
12374 7
4635 7
7724 10
5396 9
3325 7
7075 10
1810 7
2686 9
2338 10
2469 10
8872 8
8746 10
3360 7
9520 10
7474 9
1987 10
8837 8
3257 9
2569 10
5635 7
6609 8
7175 10
10465 8
9074 8
7506 7
2518 10
1409 8
5966 7
8480 10
5125 7
7655 10
3298 10
3502 9
8166 10
10330 8
5923 7
6684 10
8637 10
9300 10
7004 10
1392 7
221 9
11330 8
6216 7
4923 7
9551 10
3398 10
8764 8
12211 10
549 9
4719 10
7098 9
1305 10
8822 10
9797 7
9498 8
9049 8
4193 8
3052 10
11320 10
7583 7
9420 8
7954 7
330 10
2771 7
1575 9
4313 9
6826 9
12499 7
6583 7
11220 10
10717 10
1442 7
5787 9
2465 10
8465 8
1407 7
561 10
11031 8
4035 10
5502 10
5253 10
4764 10
5606 8
8799 8
37 9
9841 7
7748 9
4282 10
435 8
10881 7
11388 8
1529 10
8002 7
1258 9
10902 10
4135 10
6570 8
9170 9
3782 8
8496 7
1866 8
9135 9
3353 8
1025 8
5830 8
205 8
12155 7
11351 9
5875 8
7340 8
6849 7
5230 10
8578 8
3975 10
3563 8
1615 8
1468 9
3526 8
4156 10
4607 10
3286 10
402 10
2590 7
1345 9
3870 9
10392 10
6428 8
10644 8
2104 7
8919 7
3835 9
4566 9
11412 10
8078 10
8729 10
11601 8
502 10
7610 9
2076 9
11243 10
710 9
5566 9
11512 10
2406 10
3947 7
1272 7
2357 10
3660 10
3528 7
11268 8
10122 7
7490 8
8090 9
11015 9
7279 9
8679 8
10167 7
3908 10
1780 10
8941 10
1551 8
3627 8
9441 9
3808 10
9090 9
12423 10
12363 9
1895 10
5381 7
10738 9
4888 8
2240 7
3949 8
7481 10
1495 9
9363 10
199 10
9952 8
1842 9
6450 10
10609 10
1239 8
9685 10
6301 10
11089 10
1975 7
8585 8
9532 10
4750 7
11738 9
883 9
10709 10
6550 10
11545 8
7736 10
7983 9
7511 9
8111 8
8172 9
5604 8
8931 9
9843 7
70 9
6825 10
10883 7
12012 10
8896 10
9947 10
8843 7
10526 9
6572 8
1821 8
7638 7
9931 9
12281 9
12112 10
5999 7
3780 8
3351 8
1027 8
6487 10
9103 10
5969 10
10469 10
6630 10
7307 10
11379 7
10870 8
7456 10
2773 7
856 7
4311 9
1577 9
6581 7
961 9
122 9
8265 10
9752 10
1440 7
11835 8
6150 7
11076 8
9003 10
8534 10
1942 10
6730 10
1405 7
5869 10
10569 10
2439 8
10238 10
3773 7
6061 10
4081 10
2015 8
7889 10
11662 9
5778 9
2481 8
5191 8
2813 8
12466 7
7636 8
9795 7
4567 10
4505 8
7989 10
12489 10
11755 7
8301 7
11384 7
1918 9
4336 10
6636 8
2873 10
4778 9
780 7
8318 10
1633 9
8469 7
11394 10
9989 9
133 10
3194 9
12001 8
1676 9
10414 10
11123 10
11672 10
10332 8
5921 7
7214 7
3738 8
3500 10
6251 7
858 8
11294 10
223 9
8989 9
7323 9
8723 8
1 7
6680 7
2666 10
284 10
11332 8
5228 8
6214 7
9598 10
8766 8
2500 9
11772 10
10245 10
7319 10
9915 8
10326 10
2693 7
6556 9
2242 7
6187 9
2705 10
3108 8
6499 10
9950 8
10191 10
6513 9
9113 8
3375 9
3085 10
6981 9
2154 10
4752 7
10577 10
10226 10
11711 10
3207 7
3185 10
5665 9
7513 9
8113 8
11052 9
1118 10
10963 7
10120 7
5033 10
11804 10
7006 8
9531 7
11017 9
814 10
9859 10
7800 8
10165 7
2625 8
8443 9
4355 10
5662 10
3089 9
5133 10
11904 10
8988 10
1749 10
2810 10
9443 9
3625 8
8531 7
10017 9
1182 8
9486 10
3209 8
11549 7
6102 10
6657 9
3872 9
5082 7
8589 7
9631 10
8306 10
10646 8
10297 8
3837 9
2209 8
9586 10
8686 8
7535 10
7612 9
712 9
8206 10
1270 7
11928 8
207 8
6846 10
4228 10
11353 9
5249 9
11879 10
5877 8
6008 7
242 8
9824 10
4328 10
6946 10
10353 9
11979 10
4832 8
6307 8
1065 10
1617 8
12060 9
6939 9
7997 10
12497 10
8984 10
10443 9
4359 10
3049 9
1944 8
8120 7
6083 8
918 10
5761 8
2271 8
8017 9
9926 7
6837 10
818 10
552 8
8052 9
11406 9
183 8
2158 10
2609 10
2721 9
8791 10
7596 9
8196 8
11950 8
3616 7
11156 8
8526 10
8277 10
7444 10
135 7
6622 10
7315 10
1850 10
9111 10
8299 7
6495 10
5306 7
12220 8
9990 8
6941 9
10587 8
9502 8
10393 9
6716 8
5142 10
1069 10
2861 10
10742 9
1692 8
965 10
12298 8
2961 10
11742 9
8316 9
5460 8
5713 10
4224 10
7382 8
8782 9
9221 7
2135 8
1109 7
9828 10
10158 7
4042 7
2125 10
296 10
7697 9
11212 8
4801 7
5973 9
7539 10
10506 10
770 10
7203 9
11286 10
4973 9
6246 9
4130 9
10406 10
2025 10
2774 10
10212 8
4308 8
7334 7
3465 9
10686 8
8198 7
121 10
6878 8
10257 8
7371 7
713 10
3197 10
8538 10
6190 7
9379 7
8870 8
10768 7
11422 8
2617 10
10234 10
2210 9
8438 10
613 10
4394 9
11603 10
1925 9
9076 8
5965 10
11152 10
4700 9
11768 7
7504 7
2717 10
3220 10
9563 9
7229 7
6920 8
906 10
11494 7
8411 7
8085 7
5121 10
5959 7
4250 8
2802 10
806 10
5296 10
6229 7
5681 8
11931 9
5068 9
5021 10
4516 10
2740 8
10843 7
4959 7
4247 10
5770 10
12376 7
9078 7
11766 8
3026 7
4536 7
5401 9
8377 8
288 10
5893 9
7527 10
6605 7
9594 10
8445 10
9172 10
9949 9
3585 9
1859 8
12410 8
740 7
3917 9
10723 8
10989 9
10349 10
9494 10
2820 7
12084 8
4401 9
1833 10
8710 7
7985 10
9936 10
7128 7
4957 8
3404 8
12378 8
11344 7
1591 10
4369 9
8755 7
4580 8
1737 8
3441 8
4912 8
11301 7
8384 7
6128 7
2404 8
1438 7
10344 7
7819 9
10795 7
327 8
5151 8
1626 10
11273 9
5369 9
9755 7
12063 10
6854 10
919 8
2896 9
7094 10
1600 7
11236 8
2488 10
5957 9
8662 8
2679 8
7223 10
6714 10
7572 10
1966 10
11808 9
1294 7
6262 9
4114 9
8528 7
12140 8
9676 10
8341 10
8410 10
6819 8
10236 8
7784 7
3559 10
10273 8
2533 7
11614 7
8691 7
1295 10
9963 10
4095 8
4689 10
6777 8
1022 10
12455 9
5658 10
6901 10
5109 10
9863 10
4789 10
7732 8
8332 9
7998 9
10614 7
5444 8
1395 10
5758 10
9205 7
10651 7
677 8
2952 8
10787 10
56 10
1501 7
746 10
11007 10
10530 10
6038 10
865 9
2642 10
3632 7
3424 10
2113 10
117 10
7011 7
10687 10
1473 9
4215 9
3275 10
2632 7
10172 8
11238 7
12204 8
6669 10
11107 10
3740 9
3684 8
8902 7
11987 7
3886 10
953 10
7779 7
10992 10
5492 10
9870 9
8590 7
9033 9
8104 7
4312 10
9835 9
1166 8
11550 7
5174 10
3210 8
5592 10
5745 8
2255 8
9902 7
3986 10
4212 10
5700 8
8835 9
3919 7
5074 10
11843 10
7476 8
2957 10
12164 9
1387 8
5646 10
11360 7
5117 10
8771 7
1713 8
4175 8
4936 8
12319 8
12016 7
4271 10
12028 10
9734 7
2934 10
797 8
6149 7
4797 10
978 9
830 10
5853 10
7716 9
2170 9
11735 10
10202 10
3316 10
592 10
4186 7
9768 10
9039 10
11582 10
3047 7
725 10
1331 7
282 9
4658 8
2002 7
1878 10
11408 7
5512 7
3799 8
4460 9
10453 10
3170 9
10707 8
2596 10
625 10
1243 9
8019 7
9353 8
3135 9
3721 8
9547 9
6904 8
10950 9
4009 9
6596 8
3764 8
348 7
3898 10
1412 8
9900 10
10915 9
6862 10
12055 10
9435 7
11113 9
5009 9
1610 10
2949 10
1141 10
4938 7
7904 8
8502 9
3998 10
6248 7
10867 7
7941 8
11019 10
7885 9
1836 7
11092 8
5188 8
1905 10
6520 7
3346 7
6291 10
8573 10
2234 9
10092 8
4188 8
3271 9
9017 8
1805 10
8195 10
11119 10
6885 9
7411 10
6126 10
6452 9
9052 8
3234 9
109 10
658 10
10894 8
420 7
12199 9
1874 10
3561 9
11639 10
5940 7
6157 10
7460 10
3759 8
7331 10
4034 9
4877 9
3524 9
8402 10
10316 8
9664 10
8353 10
6275 7
4940 7
4103 7
11782 8
5698 8
5832 9
7939 8
8393 8
11316 8
9035 10
8253 10
7086 10
729 10
5719 9
7286 8
6813 10
757 8
5521 8
12407 7
1130 10
2938 10
2031 8
8257 9
1499 7
12293 10
2837 8
1030 10
2838 10
3031 8
6286 8
1796 8
3074 8
6612 8
9212 9
9971 10
1979 9
9894 8
3536 10
837 7
2750 10
1809 10
11644 10
10483 8
9406 8
11115 10
8199 10
654 10
9619 10
6800 9
4335 9
5822 10
1464 7
10318 7
2458 8
11811 8
1909 10
2650 10
3712 7
3757 7
8092 8
11851 10
4551 10
3839 7
2330 8
7556 8
11 9
2945 10
7187 8
10435 7
2375 8
6288 7
841 10
9061 7
11547 9
881 8
1497 8
10502 9
5166 10
5637 10
7288 7
941 10
3894 10
10547 9
5480 10
2545 8
4785 10
5055 8
11377 9
11949 8
10691 7
1299 10
4484 8
10377 9
9723 9
4816 8
3992 8
2826 10
10949 8
6366 8
9766 9
4432 10
11240 7
601 7
637 10
5477 7
9808 9
4997 9
3015 9
480 10
2062 10
3268 8
11528 7
5432 7
2122 7
3204 10
2733 10
3050 9
10441 10
11590 10
4890 10
3924 7
4477 7
1211 7
27 10
11627 8
5997 9
8808 9
3167 7
2484 10
6718 10
10541 10
2162 10
3455 10
1254 7
3304 10
9550 7
12272 7
6368 7
2644 8
11033 9
5129 9
12047 10
1153 10
4354 8
6861 8
3644 8
9422 9
10076 9
9912 10
5818 7
5178 10
12147 10
5629 10
3439 9
7892 7
992 7
9156 10
6383 10
9974 8
4641 9
7445 7
4479 8
6665 10
5733 7
7352 10
3169 8
4290 9
3266 7
8561 10
8230 10
9707 10
35 8
6034 10
2780 9
437 9
